   4.58775663       0.00000000    
   4.56831169       1.00000000    
   4.54878283       2.00000000    
   4.52940702       3.00000000    
   4.51007414       4.00000000    
   4.49089336       5.00000000    
   4.47215414       6.00000000    
   4.45333099       7.00000000    
   4.43544865       8.00000000    
   4.41752386       9.00000000    
   4.40034723       10.0000000    
   4.38359880       11.0000000    
   4.36722231       12.0000000    
   4.35190725       13.0000000    
   4.33653498       14.0000000    
   4.32272243       15.0000000    
   4.30898094       16.0000000    
   4.29627562       17.0000000    
   4.28422880       18.0000000    
   4.27265310       19.0000000    
   4.26236773       20.0000000    
   4.25209618       21.0000000    
   4.24336290       22.0000000    
   4.23480654       23.0000000    
   4.22688341       24.0000000    
   4.21959114       25.0000000    
   4.21159029       26.0000000    
   4.20123053       27.0000000    
   4.18819571       28.0000000    
   4.17214298       29.0000000    
   4.15337420       30.0000000    
   4.13487148       31.0000000    
   4.12678385       32.0000000    
   4.11937809       33.0000000    
   4.11263275       34.0000000    
   4.10677767       35.0000000    
   4.10160112       36.0000000    
   4.09704828       37.0000000    
   4.09314775       38.0000000    
   4.08983278       39.0000000    
   4.08702898       40.0000000    
   4.08475018       41.0000000    
   4.08300829       42.0000000    
   4.08171940       43.0000000    
   4.08069992       44.0000000    
   4.08014536       45.0000000    
   4.07977343       46.0000000    
   4.07977772       47.0000000    
   4.08006525       48.0000000    
   4.08054161       49.0000000    
   4.08111238       50.0000000    
   4.08187294       51.0000000    
   4.08272839       52.0000000    
   4.08367920       53.0000000    
   4.08472538       54.0000000    
   4.08577061       55.0000000    
   4.08681440       56.0000000    
   4.08795452       57.0000000    
   4.08909416       58.0000000    
   4.09032869       59.0000000    
   4.09146643       60.0000000    
   4.09270000       61.0000000    
   4.09393263       62.0000000    
   4.09526205       63.0000000    
   4.09649372       64.0000000    
   4.09782124       65.0000000    
   4.09905195       66.0000000    
   4.10037804       67.0000000    
   4.10180092       68.0000000    
   4.10312557       69.0000000    
   4.10454750       70.0000000    
   4.10596848       71.0000000    
   4.10748577       72.0000000    
   4.10909891       73.0000000    
   4.11071253       74.0000000    
   4.11251926       75.0000000    
   4.11442137       76.0000000    
   4.11641979       77.0000000    
   4.11851358       78.0000000    
   4.12060690       79.0000000    
   4.12279558       80.0000000    
   4.12498236       81.0000000    
   4.12716866       82.0000000    
   4.12944889       83.0000000    
   4.13172770       84.0000000    
   4.13400507       85.0000000    
   4.13637638       86.0000000    
   4.13865042       87.0000000    
   4.14101839       88.0000000    
   4.14328909       89.0000000    
   4.14565372       90.0000000    
   4.14801693       91.0000000    
   4.15037727       92.0000000    
   4.15273666       93.0000000    
   4.15499926       94.0000000    
   4.15832090       95.0000000    
   4.16349745       96.0000000    
   4.16860819       97.0000000    
   4.17365646       98.0000000    
   4.17863894       99.0000000    
   4.18355799       100.000000    
   4.18841219       101.000000    
   4.19320154       102.000000    
   4.19792747       103.000000    
   4.20258904       104.000000    
   4.20718670       105.000000    
   4.21172047       106.000000    
   4.21619129       107.000000    
   4.22059965       108.000000    
   4.22494411       109.000000    
   4.22922754       110.000000    
   4.23344803       111.000000    
   4.23760843       112.000000    
   4.24170685       113.000000    
   4.24574566       114.000000    
   4.24972391       115.000000    
   4.25364351       116.000000    
   4.25750399       117.000000    
   4.26130772       118.000000    
   4.26505327       119.000000    
   4.26874304       120.000000    
   4.27237654       121.000000    
   4.27595568       122.000000    
   4.27947950       123.000000    
   4.28295135       124.000000    
   4.28637075       125.000000    
   4.28973770       126.000000    
   4.29305506       127.000000    
   4.29632235       128.000000    
   4.29954052       129.000000    
   4.30271149       130.000000    
   4.30583477       131.000000    
   4.30891323       132.000000    
   4.31194592       133.000000    
   4.31508684       134.000000    
   4.31824303       135.000000    
   4.32133389       136.000000    
   4.32436228       137.000000    
   4.32733011       138.000000    
   4.33024025       139.000000    
   4.33309507       140.000000    
   4.33589745       141.000000    
   4.33864880       142.000000    
   4.34135199       143.000000    
   4.34400892       144.000000    
   4.34662247       145.000000    
   4.34919310       146.000000    
   4.35172415       147.000000    
   4.35421705       148.000000    
   4.35667419       149.000000    
   4.35909653       150.000000    
