   2.00000009E-03   0.00000000    
   2.00000009E-03   1.00000000    
   2.00000009E-03   2.00000000    
   2.00000009E-03   3.00000000    
   2.00000009E-03   4.00000000    
   2.00000009E-03   5.00000000    
   2.00000009E-03   6.00000000    
   2.00000009E-03   7.00000000    
   2.00000009E-03   8.00000000    
   2.00000009E-03   9.00000000    
   2.00000009E-03   10.0000000    
   2.00000009E-03   11.0000000    
   2.00000009E-03   12.0000000    
   2.00000009E-03   13.0000000    
   2.00000009E-03   14.0000000    
   2.00000009E-03   15.0000000    
   2.00000009E-03   16.0000000    
   2.00000009E-03   17.0000000    
   2.00000009E-03   18.0000000    
   2.00000009E-03   19.0000000    
   2.00000009E-03   20.0000000    
   2.00000009E-03   21.0000000    
   2.00000009E-03   22.0000000    
   2.00000009E-03   23.0000000    
   2.00000009E-03   24.0000000    
   2.00000009E-03   25.0000000    
   2.00000009E-03   26.0000000    
   2.20734999E-03   27.0000000    
   4.20769397E-03   28.0000000    
   6.65475242E-03   29.0000000    
   9.32653062E-03   30.0000000    
   1.19429203E-02   31.0000000    
   1.34436665E-02   32.0000000    
   1.44147677E-02   33.0000000    
   1.53156277E-02   34.0000000    
   1.61203984E-02   35.0000000    
   1.68509539E-02   36.0000000    
   1.75129045E-02   37.0000000    
   1.81035530E-02   38.0000000    
   1.86304543E-02   39.0000000    
   1.91018768E-02   40.0000000    
   1.95169542E-02   41.0000000    
   1.98750384E-02   42.0000000    
   2.01853644E-02   43.0000000    
   2.04669796E-02   44.0000000    
   2.07004342E-02   45.0000000    
   2.09145881E-02   46.0000000    
   2.10900865E-02   47.0000000    
   2.12365817E-02   48.0000000    
   2.13636979E-02   49.0000000    
   2.14811098E-02   50.0000000    
   2.15791315E-02   51.0000000    
   2.16674749E-02   52.0000000    
   2.17461027E-02   53.0000000    
   2.18150374E-02   54.0000000    
   2.18839254E-02   55.0000000    
   2.19527613E-02   56.0000000    
   2.20119022E-02   57.0000000    
   2.20710244E-02   58.0000000    
   2.21204553E-02   59.0000000    
   2.21794862E-02   60.0000000    
   2.22288370E-02   61.0000000    
   2.22781710E-02   62.0000000    
   2.23178528E-02   63.0000000    
   2.23670937E-02   64.0000000    
   2.24067122E-02   65.0000000    
   2.24558730E-02   66.0000000    
   2.21460946E-02   67.0000000    
   2.17972677E-02   68.0000000    
   2.14707442E-02   69.0000000    
   2.11164467E-02   70.0000000    
   2.07595918E-02   71.0000000    
   2.03743428E-02   72.0000000    
   1.99602805E-02   73.0000000    
   1.95433684E-02   74.0000000    
   1.90706886E-02   75.0000000    
   1.85681190E-02   76.0000000    
   1.80356130E-02   77.0000000    
   1.74732935E-02   78.0000000    
   1.69087313E-02   79.0000000    
   1.63152386E-02   80.0000000    
   1.57209393E-02   81.0000000    
   1.51268421E-02   82.0000000    
   1.45063344E-02   83.0000000    
   1.38880732E-02   84.0000000    
   1.32732270E-02   85.0000000    
   1.26358466E-02   86.0000000    
   1.20315189E-02   87.0000000    
   1.14075830E-02   88.0000000    
   1.08185923E-02   89.0000000    
   1.00246267E-02   90.0000000    
   9.22413077E-03   91.0000000    
   8.46433174E-03   92.0000000    
   7.74530135E-03   93.0000000    
   7.09372759E-03   94.0000000    
   6.45459257E-03   95.0000000    
   5.85565437E-03   96.0000000    
   5.29636908E-03   97.0000000    
   4.77601821E-03   98.0000000    
   4.29376401E-03   99.0000000    
   3.84856202E-03   100.000000    
   3.48517043E-03   101.000000    
   3.17803514E-03   102.000000    
   2.89292959E-03   103.000000    
   2.62912223E-03   104.000000    
   2.38589104E-03   105.000000    
   2.16240156E-03   106.000000    
   2.00000009E-03   107.000000    
   2.00000009E-03   108.000000    
   2.00000009E-03   109.000000    
   2.00000009E-03   110.000000    
   2.00000009E-03   111.000000    
   2.00000009E-03   112.000000    
   2.00000009E-03   113.000000    
   2.00000009E-03   114.000000    
   2.00000009E-03   115.000000    
   2.00000009E-03   116.000000    
   2.00000009E-03   117.000000    
   2.00000009E-03   118.000000    
   2.00000009E-03   119.000000    
   2.00000009E-03   120.000000    
   2.00000009E-03   121.000000    
   2.00000009E-03   122.000000    
   2.00000009E-03   123.000000    
   2.00000009E-03   124.000000    
   2.00000009E-03   125.000000    
   2.00000009E-03   126.000000    
   2.00000009E-03   127.000000    
   2.00000009E-03   128.000000    
   2.00000009E-03   129.000000    
   2.00000009E-03   130.000000    
   2.00000009E-03   131.000000    
   2.00000009E-03   132.000000    
   2.00000009E-03   133.000000    
   2.00000009E-03   134.000000    
   2.00000009E-03   135.000000    
   2.00000009E-03   136.000000    
   2.00000009E-03   137.000000    
   2.00000009E-03   138.000000    
   2.00000009E-03   139.000000    
   2.00000009E-03   140.000000    
   2.00000009E-03   141.000000    
   2.00000009E-03   142.000000    
   2.00000009E-03   143.000000    
   2.00000009E-03   144.000000    
   2.00000009E-03   145.000000    
   2.00000009E-03   146.000000    
   2.00000009E-03   147.000000    
   2.00000009E-03   148.000000    
   2.00000009E-03   149.000000    
   2.00000009E-03   150.000000    
