   4.58775663       0.00000000    
   4.56831169       1.00000000    
   4.54878283       2.00000000    
   4.52940702       3.00000000    
   4.51007414       4.00000000    
   4.49089336       5.00000000    
   4.47215414       6.00000000    
   4.45333099       7.00000000    
   4.43544865       8.00000000    
   4.41752386       9.00000000    
   4.40034723       10.0000000    
   4.38359880       11.0000000    
   4.36722231       12.0000000    
   4.35190725       13.0000000    
   4.33653498       14.0000000    
   4.32272243       15.0000000    
   4.30898094       16.0000000    
   4.29627562       17.0000000    
   4.28422880       18.0000000    
   4.27265310       19.0000000    
   4.26236773       20.0000000    
   4.25209618       21.0000000    
   4.24336290       22.0000000    
   4.23480606       23.0000000    
   4.22687006       24.0000000    
   4.21963072       25.0000000    
   4.21174431       26.0000000    
   4.20180416       27.0000000    
   4.18941021       28.0000000    
   4.17423582       29.0000000    
   4.15652370       30.0000000    
   4.13757706       31.0000000    
   4.12530851       32.0000000    
   4.11690950       33.0000000    
   4.10917330       34.0000000    
   4.10237312       35.0000000    
   4.09628916       36.0000000    
   4.09087324       37.0000000    
   4.08616781       38.0000000    
   4.08210468       39.0000000    
   4.07860565       40.0000000    
   4.07569313       41.0000000    
   4.07338428       42.0000000    
   4.07158613       43.0000000    
   4.07009172       44.0000000    
   4.06912661       45.0000000    
   4.06836796       46.0000000    
   4.06803989       47.0000000    
   4.06803656       48.0000000    
   4.06824923       49.0000000    
   4.06856918       50.0000000    
   4.06910753       51.0000000    
   4.06975603       52.0000000    
   4.07051277       53.0000000    
   4.07137966       54.0000000    
   4.07224560       55.0000000    
   4.07310867       56.0000000    
   4.07408381       57.0000000    
   4.07505703       58.0000000    
   4.07614088       59.0000000    
   4.07711220       60.0000000    
   4.07819414       61.0000000    
   4.07927513       62.0000000    
   4.08046818       63.0000000    
   4.08154678       64.0000000    
   4.08273745       65.0000000    
   4.08381414       66.0000000    
   4.08875370       67.0000000    
   4.09402514       68.0000000    
   4.09896326       69.0000000    
   4.10410357       70.0000000    
   4.10917568       71.0000000    
   4.11443758       72.0000000    
   4.11987638       73.0000000    
   4.12523508       74.0000000    
   4.13100100       75.0000000    
   4.13690948       76.0000000    
   4.14294577       77.0000000    
   4.14909410       78.0000000    
   4.15511227       79.0000000    
   4.16122055       80.0000000    
   4.16718674       81.0000000    
   4.17300940       82.0000000    
   4.17889166       83.0000000    
   4.18461800       84.0000000    
   4.19018841       85.0000000    
   4.19578791       86.0000000    
   4.20104122       87.0000000    
   4.20631170       88.0000000    
   4.21125031       89.0000000    
   4.21683979       90.0000000    
   4.22229195       91.0000000    
   4.22745514       92.0000000    
   4.23234558       93.0000000    
   4.23683596       94.0000000    
   4.24123287       95.0000000    
   4.24540043       96.0000000    
   4.24935150       97.0000000    
   4.25310326       98.0000000    
   4.25666618       99.0000000    
   4.26005554       100.000000    
   4.26314735       101.000000    
   4.26603508       102.000000    
   4.26882887       103.000000    
   4.27153492       104.000000    
   4.27416086       105.000000    
   4.27671146       106.000000    
   4.27919340       107.000000    
   4.28161192       108.000000    
   4.28397226       109.000000    
   4.28628016       110.000000    
   4.28854132       111.000000    
   4.29075909       112.000000    
   4.29286432       113.000000    
   4.29487848       114.000000    
   4.29689026       115.000000    
   4.29889870       116.000000    
   4.30090523       117.000000    
   4.30290985       118.000000    
   4.30490828       119.000000    
   4.30685854       120.000000    
   4.30880785       121.000000    
   4.31075573       122.000000    
   4.31270266       123.000000    
   4.31464863       124.000000    
   4.31659317       125.000000    
   4.31853771       126.000000    
   4.32048035       127.000000    
   4.32242250       128.000000    
   4.32436323       129.000000    
   4.32630253       130.000000    
   4.32824183       131.000000    
   4.33017969       132.000000    
   4.33211613       133.000000    
   4.33405209       134.000000    
   4.33598661       135.000000    
   4.33792162       136.000000    
   4.33985329       137.000000    
   4.34178495       138.000000    
   4.34371614       139.000000    
   4.34564590       140.000000    
   4.34757519       141.000000    
   4.34950304       142.000000    
   4.35142946       143.000000    
   4.35335588       144.000000    
   4.35528088       145.000000    
   4.35720444       146.000000    
   4.35912800       147.000000    
   4.36104918       148.000000    
   4.36297083       149.000000    
   4.36489058       150.000000    
