   2.00000009E-03   0.00000000    
   2.00000009E-03   1.00000000    
   2.00000009E-03   2.00000000    
   2.00000009E-03   3.00000000    
   2.00000009E-03   4.00000000    
   2.00000009E-03   5.00000000    
   2.00000009E-03   6.00000000    
   2.00000009E-03   7.00000000    
   2.00000009E-03   8.00000000    
   2.00000009E-03   9.00000000    
   2.00000009E-03   10.0000000    
   2.00000009E-03   11.0000000    
   2.00000009E-03   12.0000000    
   2.00000009E-03   13.0000000    
   2.00000009E-03   14.0000000    
   2.00000009E-03   15.0000000    
   2.00000009E-03   16.0000000    
   2.00000009E-03   17.0000000    
   2.00000009E-03   18.0000000    
   2.00000009E-03   19.0000000    
   2.00000009E-03   20.0000000    
   2.00000009E-03   21.0000000    
   2.00000009E-03   22.0000000    
   2.00000009E-03   23.0000000    
   2.00000009E-03   24.0000000    
   2.00000009E-03   25.0000000    
   2.00000009E-03   26.0000000    
   2.00000009E-03   27.0000000    
   2.00000009E-03   28.0000000    
   2.00000009E-03   29.0000000    
   2.00000009E-03   30.0000000    
   2.00000009E-03   31.0000000    
   2.00000009E-03   32.0000000    
   2.00000009E-03   33.0000000    
   2.00000009E-03   34.0000000    
   2.00000009E-03   35.0000000    
   2.00000009E-03   36.0000000    
   2.00000009E-03   37.0000000    
   2.00000009E-03   38.0000000    
   2.00000009E-03   39.0000000    
   2.00000009E-03   40.0000000    
   2.00000009E-03   41.0000000    
   2.00000009E-03   42.0000000    
   2.92840577E-03   43.0000000    
   4.08292981E-03   44.0000000    
   5.35454974E-03   45.0000000    
   6.62336638E-03   46.0000000    
   8.01957585E-03   47.0000000    
   9.24252532E-03   48.0000000    
   1.05285151E-02   49.0000000    
   1.16394432E-02   50.0000000    
   1.27287554E-02   51.0000000    
   1.37356976E-02   52.0000000    
   1.46258827E-02   53.0000000    
   1.54197747E-02   54.0000000    
   1.61140785E-02   55.0000000    
   1.67072918E-02   56.0000000    
   1.72247123E-02   57.0000000    
   1.76399741E-02   58.0000000    
   1.80053096E-02   59.0000000    
   1.83206573E-02   60.0000000    
   1.85340494E-02   61.0000000    
   1.87236182E-02   62.0000000    
   1.88111905E-02   63.0000000    
   1.88747272E-02   64.0000000    
   1.88879967E-02   65.0000000    
   1.88506581E-02   66.0000000    
   1.87622420E-02   67.0000000    
   1.86487846E-02   68.0000000    
   1.84834078E-02   69.0000000    
   1.82656292E-02   70.0000000    
   1.80215295E-02   71.0000000    
   1.77508164E-02   72.0000000    
   1.74803380E-02   73.0000000    
   1.71288960E-02   74.0000000    
   1.68045387E-02   75.0000000    
   1.64258573E-02   76.0000000    
   1.60199776E-02   77.0000000    
   1.56144146E-02   78.0000000    
   1.51547100E-02   79.0000000    
   1.47233494E-02   80.0000000    
   1.42386658E-02   81.0000000    
   1.37559408E-02   82.0000000    
   1.32486196E-02   83.0000000    
   1.27716828E-02   84.0000000    
   1.22447964E-02   85.0000000    
   1.17230257E-02   86.0000000    
   1.12071205E-02   87.0000000    
   1.06718969E-02   88.0000000    
   1.00295180E-02   89.0000000    
   9.28831380E-03   90.0000000    
   8.61223135E-03   91.0000000    
   7.93993566E-03   92.0000000    
   7.30278064E-03   93.0000000    
   6.70057489E-03   94.0000000    
   6.13303622E-03   95.0000000    
   5.57681685E-03   96.0000000    
   5.05707134E-03   97.0000000    
   4.59309015E-03   98.0000000    
   4.14260803E-03   99.0000000    
   3.72611429E-03   100.000000    
   3.38912872E-03   101.000000    
   3.10106366E-03   102.000000    
   2.83313985E-03   103.000000    
   2.58465903E-03   104.000000    
   2.34476966E-03   105.000000    
   2.13392708E-03   106.000000    
   2.00000009E-03   107.000000    
   2.00000009E-03   108.000000    
   2.00000009E-03   109.000000    
   2.00000009E-03   110.000000    
   2.00000009E-03   111.000000    
   2.00000009E-03   112.000000    
   2.00000009E-03   113.000000    
   2.00000009E-03   114.000000    
   2.00000009E-03   115.000000    
   2.00000009E-03   116.000000    
   2.00000009E-03   117.000000    
   2.00000009E-03   118.000000    
   2.00000009E-03   119.000000    
   2.00000009E-03   120.000000    
   2.00000009E-03   121.000000    
   2.00000009E-03   122.000000    
   2.00000009E-03   123.000000    
   2.00000009E-03   124.000000    
   2.00000009E-03   125.000000    
   2.00000009E-03   126.000000    
   2.00000009E-03   127.000000    
   2.00000009E-03   128.000000    
   2.00000009E-03   129.000000    
   2.00000009E-03   130.000000    
   2.00000009E-03   131.000000    
   2.00000009E-03   132.000000    
   2.00000009E-03   133.000000    
   2.00000009E-03   134.000000    
   2.00000009E-03   135.000000    
   2.00000009E-03   136.000000    
   2.00000009E-03   137.000000    
   2.00000009E-03   138.000000    
   2.00000009E-03   139.000000    
   2.00000009E-03   140.000000    
   2.00000009E-03   141.000000    
   2.00000009E-03   142.000000    
   2.00000009E-03   143.000000    
   2.00000009E-03   144.000000    
   2.00000009E-03   145.000000    
   2.00000009E-03   146.000000    
   2.00000009E-03   147.000000    
   2.00000009E-03   148.000000    
   2.00000009E-03   149.000000    
   2.00000009E-03   150.000000    
