   4.68534184       0.00000000    
   4.59773684       1.00000000    
   4.52309561       2.00000000    
   4.46169376       3.00000000    
   4.41202974       4.00000000    
   4.37274885       5.00000000    
   4.34300613       6.00000000    
   4.32118368       7.00000000    
   4.30185556       8.00000000    
   4.26952934       9.00000000    
   4.22648716       10.0000000    
   4.18520927       11.0000000    
   4.16048193       12.0000000    
   4.15780830       13.0000000    
   4.15603113       14.0000000    
   4.15479326       15.0000000    
   4.15410566       16.0000000    
   4.15388012       17.0000000    
   4.15412188       18.0000000    
   4.15483665       19.0000000    
   4.15583420       20.0000000    
   4.15692520       21.0000000    
   4.15811110       22.0000000    
   4.15929461       23.0000000    
   4.16057301       24.0000000    
   4.16175461       25.0000000    
   4.16312647       26.0000000    
   4.16440153       27.0000000    
   4.16567469       28.0000000    
   4.16694784       29.0000000    
   4.16821861       30.0000000    
   4.16958475       31.0000000    
   4.17085409       32.0000000    
   4.17212200       33.0000000    
   4.17338800       34.0000000    
   4.17474985       35.0000000    
   4.17601442       36.0000000    
   4.17727804       37.0000000    
   4.17854023       38.0000000    
   4.17989731       39.0000000    
   4.18115711       40.0000000    
   4.18241549       41.0000000    
   4.18377018       42.0000000    
   4.18502665       43.0000000    
   4.18628168       44.0000000    
   4.18763304       45.0000000    
   4.18888569       46.0000000    
   4.19023466       47.0000000    
   4.19148588       48.0000000    
   4.19283295       49.0000000    
   4.19417906       50.0000000    
   4.19542694       51.0000000    
   4.19677019       52.0000000    
   4.19811392       53.0000000    
   4.19945574       54.0000000    
   4.20079708       55.0000000    
   4.20213652       56.0000000    
   4.20347548       57.0000000    
   4.20491219       58.0000000    
   4.20624971       59.0000000    
   4.20768356       60.0000000    
   4.20901871       61.0000000    
   4.21045113       62.0000000    
   4.21188259       63.0000000    
   4.21331358       64.0000000    
   4.21474361       65.0000000    
   4.21627092       66.0000000    
   4.21899939       67.0000000    
   4.22426367       68.0000000    
   4.22970963       69.0000000    
   4.23483467       70.0000000    
   4.24013472       71.0000000    
   4.24512053       72.0000000    
   4.25051117       73.0000000    
   4.25605297       74.0000000    
   4.26218987       75.0000000    
   4.26865911       76.0000000    
   4.27521229       77.0000000    
   4.28183079       78.0000000    
   4.28829145       79.0000000    
   4.29459381       80.0000000    
   4.30093098       81.0000000    
   4.30709696       82.0000000    
   4.31290960       83.0000000    
   4.31873894       84.0000000    
   4.32439756       85.0000000    
   4.32988596       86.0000000    
   4.33520555       87.0000000    
   4.34035873       88.0000000    
   4.34534645       89.0000000    
   4.35069084       90.0000000    
   4.35591221       91.0000000    
   4.36086464       92.0000000    
   4.36556387       93.0000000    
   4.37002468       94.0000000    
   4.37426138       95.0000000    
   4.37828970       96.0000000    
   4.38212299       97.0000000    
   4.38577652       98.0000000    
   4.38926315       99.0000000    
   4.39259672       100.000000    
   4.39567900       101.000000    
   4.39858818       102.000000    
   4.40141582       103.000000    
   4.40416908       104.000000    
   4.40685177       105.000000    
   4.40947056       106.000000    
   4.41203213       107.000000    
   4.41454029       108.000000    
   4.41700029       109.000000    
   4.41941738       110.000000    
   4.42179585       111.000000    
   4.42413902       112.000000    
   4.42639542       113.000000    
   4.42858410       114.000000    
   4.43076944       115.000000    
   4.43295336       116.000000    
   4.43513441       117.000000    
   4.43731308       118.000000    
   4.43948793       119.000000    
   4.44162941       120.000000    
   4.44376850       121.000000    
   4.44590759       122.000000    
   4.44804478       123.000000    
   4.45018053       124.000000    
   4.45231628       125.000000    
   4.45445013       126.000000    
   4.45658302       127.000000    
   4.45871496       128.000000    
   4.46084499       129.000000    
   4.46297455       130.000000    
   4.46510267       131.000000    
   4.46722984       132.000000    
   4.46935654       133.000000    
   4.47148085       134.000000    
   4.47360516       135.000000    
   4.47572756       136.000000    
   4.47784948       137.000000    
   4.47996950       138.000000    
   4.48208952       139.000000    
   4.48420763       140.000000    
   4.48632479       141.000000    
   4.48844099       142.000000    
   4.49055576       143.000000    
   4.49267006       144.000000    
   4.49478292       145.000000    
   4.49689388       146.000000    
   4.49900532       147.000000    
   4.50111437       148.000000    
   4.50322294       149.000000    
   4.50533056       150.000000    
