   2.00000009E-03   0.00000000    
   2.00000009E-03   1.00000000    
   2.00000009E-03   2.00000000    
   2.00000009E-03   3.00000000    
   2.00000009E-03   4.00000000    
   2.00000009E-03   5.00000000    
   2.00000009E-03   6.00000000    
   2.00000009E-03   7.00000000    
   2.00000009E-03   8.00000000    
   2.00000009E-03   9.00000000    
   2.00000009E-03   10.0000000    
   2.00000009E-03   11.0000000    
   2.00000009E-03   12.0000000    
   2.00000009E-03   13.0000000    
   2.00000009E-03   14.0000000    
   2.00000009E-03   15.0000000    
   2.00000009E-03   16.0000000    
   2.00000009E-03   17.0000000    
   2.00000009E-03   18.0000000    
   2.00000009E-03   19.0000000    
   2.00000009E-03   20.0000000    
   2.00000009E-03   21.0000000    
   2.00000009E-03   22.0000000    
   2.00000009E-03   23.0000000    
   2.00000009E-03   24.0000000    
   2.00000009E-03   25.0000000    
   2.00000009E-03   26.0000000    
   2.00000009E-03   27.0000000    
   2.00000009E-03   28.0000000    
   2.00000009E-03   29.0000000    
   2.00000009E-03   30.0000000    
   2.00000009E-03   31.0000000    
   2.00000009E-03   32.0000000    
   2.00000009E-03   33.0000000    
   2.00000009E-03   34.0000000    
   2.00000009E-03   35.0000000    
   2.00000009E-03   36.0000000    
   2.00000009E-03   37.0000000    
   2.00000009E-03   38.0000000    
   2.00000009E-03   39.0000000    
   2.00000009E-03   40.0000000    
   2.00000009E-03   41.0000000    
   2.00000009E-03   42.0000000    
   3.02812015E-03   43.0000000    
   4.13523009E-03   44.0000000    
   5.33547346E-03   45.0000000    
   6.51777769E-03   46.0000000    
   7.80878495E-03   47.0000000    
   8.92835204E-03   48.0000000    
   1.01012327E-02   49.0000000    
   1.11066466E-02   50.0000000    
   1.20894834E-02   51.0000000    
   1.29940454E-02   52.0000000    
   1.37889870E-02   53.0000000    
   1.44937588E-02   54.0000000    
   1.51054952E-02   55.0000000    
   1.56228375E-02   56.0000000    
   1.60693731E-02   57.0000000    
   1.64204054E-02   58.0000000    
   1.67247038E-02   59.0000000    
   1.69821791E-02   60.0000000    
   1.71441119E-02   61.0000000    
   1.72836334E-02   62.0000000    
   1.73274875E-02   63.0000000    
   1.73487384E-02   64.0000000    
   1.73228402E-02   65.0000000    
   1.72495246E-02   66.0000000    
   1.71284527E-02   67.0000000    
   1.69840772E-02   68.0000000    
   1.67913828E-02   69.0000000    
   1.65501349E-02   70.0000000    
   1.62848271E-02   71.0000000    
   1.59953386E-02   72.0000000    
   1.57066975E-02   73.0000000    
   1.53438989E-02   74.0000000    
   1.50070852E-02   75.0000000    
   1.46212773E-02   76.0000000    
   1.42117897E-02   77.0000000    
   1.38040436E-02   78.0000000    
   1.33484630E-02   79.0000000    
   1.29205119E-02   80.0000000    
   1.24461073E-02   81.0000000    
   1.19756637E-02   82.0000000    
   1.14854267E-02   83.0000000    
   1.10248895E-02   84.0000000    
   1.05223162E-02   85.0000000    
   1.00271730E-02   86.0000000    
   9.54017229E-03   87.0000000    
   9.03926976E-03   88.0000000    
   8.45185108E-03   89.0000000    
   7.78470701E-03   90.0000000    
   7.17862742E-03   91.0000000    
   6.58063404E-03   92.0000000    
   6.01742370E-03   93.0000000    
   5.48851257E-03   94.0000000    
   4.99333115E-03   95.0000000    
   4.51215496E-03   96.0000000    
   4.06574970E-03   97.0000000    
   3.66946589E-03   98.0000000    
   3.28822946E-03   99.0000000    
   2.93850363E-03   100.000000    
   2.65741139E-03   101.000000    
   2.41826847E-03   102.000000    
   2.19747610E-03   103.000000    
   2.00000009E-03   104.000000    
   2.00000009E-03   105.000000    
   2.00000009E-03   106.000000    
   2.00000009E-03   107.000000    
   2.00000009E-03   108.000000    
   2.00000009E-03   109.000000    
   2.00000009E-03   110.000000    
   2.00000009E-03   111.000000    
   2.00000009E-03   112.000000    
   2.00000009E-03   113.000000    
   2.00000009E-03   114.000000    
   2.00000009E-03   115.000000    
   2.00000009E-03   116.000000    
   2.00000009E-03   117.000000    
   2.00000009E-03   118.000000    
   2.00000009E-03   119.000000    
   2.00000009E-03   120.000000    
   2.00000009E-03   121.000000    
   2.00000009E-03   122.000000    
   2.00000009E-03   123.000000    
   2.00000009E-03   124.000000    
   2.00000009E-03   125.000000    
   2.00000009E-03   126.000000    
   2.00000009E-03   127.000000    
   2.00000009E-03   128.000000    
   2.00000009E-03   129.000000    
   2.00000009E-03   130.000000    
   2.00000009E-03   131.000000    
   2.00000009E-03   132.000000    
   2.00000009E-03   133.000000    
   2.00000009E-03   134.000000    
   2.00000009E-03   135.000000    
   2.00000009E-03   136.000000    
   2.00000009E-03   137.000000    
   2.00000009E-03   138.000000    
   2.00000009E-03   139.000000    
   2.00000009E-03   140.000000    
   2.00000009E-03   141.000000    
   2.00000009E-03   142.000000    
   2.00000009E-03   143.000000    
   2.00000009E-03   144.000000    
   2.00000009E-03   145.000000    
   2.00000009E-03   146.000000    
   2.00000009E-03   147.000000    
   2.00000009E-03   148.000000    
   2.00000009E-03   149.000000    
   2.00000009E-03   150.000000    
