   4.68534184       0.00000000    
   4.66654444       1.00000000    
   4.64767075       2.00000000    
   4.62895298       3.00000000    
   4.61028147       4.00000000    
   4.59176445       5.00000000    
   4.57368469       6.00000000    
   4.55552816       7.00000000    
   4.53829670       8.00000000    
   4.52102900       9.00000000    
   4.50449705       10.0000000    
   4.48838806       11.0000000    
   4.47264767       12.0000000    
   4.45794773       13.0000000    
   4.44319534       14.0000000    
   4.42996979       15.0000000    
   4.41681623       16.0000000    
   4.40467787       17.0000000    
   4.39318514       18.0000000    
   4.38215399       19.0000000    
   4.37238359       20.0000000    
   4.36262941       21.0000000    
   4.35437632       22.0000000    
   4.34629822       23.0000000    
   4.33885384       24.0000000    
   4.33223057       25.0000000    
   4.32618952       26.0000000    
   4.32073689       27.0000000    
   4.31588936       28.0000000    
   4.31131506       29.0000000    
   4.30663109       30.0000000    
   4.30133200       31.0000000    
   4.29512167       32.0000000    
   4.28798294       33.0000000    
   4.28053570       34.0000000    
   4.27370977       35.0000000    
   4.26720238       36.0000000    
   4.26118851       37.0000000    
   4.25593519       38.0000000    
   4.25149775       39.0000000    
   4.24786425       40.0000000    
   4.24515200       41.0000000    
   4.24344969       42.0000000    
   4.24263239       43.0000000    
   4.24235201       44.0000000    
   4.24300766       45.0000000    
   4.24403286       46.0000000    
   4.24580812       47.0000000    
   4.24813604       48.0000000    
   4.25081396       49.0000000    
   4.25364685       50.0000000    
   4.25680971       51.0000000    
   4.26010847       52.0000000    
   4.26353455       53.0000000    
   4.26707935       54.0000000    
   4.27056503       55.0000000    
   4.27399158       56.0000000    
   4.27752304       57.0000000    
   4.28099012       58.0000000    
   4.28454971       59.0000000    
   4.28788900       60.0000000    
   4.29156971       61.0000000    
   4.29539728       62.0000000    
   4.29925919       63.0000000    
   4.30284262       64.0000000    
   4.30645609       65.0000000    
   4.30981398       66.0000000    
   4.31320238       67.0000000    
   4.31660652       68.0000000    
   4.31977701       69.0000000    
   4.32296419       70.0000000    
   4.22556877       71.0000000    
   4.22728920       72.0000000    
   4.22910547       73.0000000    
   4.23092222       74.0000000    
   4.23293400       75.0000000    
   4.23504353       76.0000000    
   4.23724985       77.0000000    
   4.23955345       78.0000000    
   4.24185514       79.0000000    
   4.24425316       80.0000000    
   4.24664974       81.0000000    
   4.24904537       82.0000000    
   4.25153685       83.0000000    
   4.25402641       84.0000000    
   4.25651407       85.0000000    
   4.25909710       86.0000000    
   4.26158142       87.0000000    
   4.26416111       88.0000000    
   4.26664209       89.0000000    
   4.26921749       90.0000000    
   4.27179098       91.0000000    
   4.27436256       92.0000000    
   4.27693224       93.0000000    
   4.27940369       94.0000000    
   4.28197002       95.0000000    
   4.28453350       96.0000000    
   4.28709602       97.0000000    
   4.28965569       98.0000000    
   4.29221392       99.0000000    
   4.29476976       100.000000    
   4.29732370       101.000000    
   4.29987621       102.000000    
   4.30242586       103.000000    
   4.30497408       104.000000    
   4.30751991       105.000000    
   4.31006432       106.000000    
   4.31260633       107.000000    
   4.31514645       108.000000    
   4.31768465       109.000000    
   4.32022142       110.000000    
   4.32275534       111.000000    
   4.32528782       112.000000    
   4.32781839       113.000000    
   4.33034611       114.000000    
   4.33287239       115.000000    
   4.33539677       116.000000    
   4.33791924       117.000000    
   4.34043980       118.000000    
   4.34295797       119.000000    
   4.34547520       120.000000    
   4.34798908       121.000000    
   4.35050201       122.000000    
   4.35301208       123.000000    
   4.35552168       124.000000    
   4.35802794       125.000000    
   4.36053276       126.000000    
   4.36303568       127.000000    
   4.36553669       128.000000    
   4.36803532       129.000000    
   4.37053204       130.000000    
   4.37302685       131.000000    
   4.37552023       132.000000    
   4.37984180       133.000000    
   4.38627195       134.000000    
   4.39258099       135.000000    
   4.39876747       136.000000    
   4.40483284       137.000000    
   4.41077471       138.000000    
   4.41659451       139.000000    
   4.42229080       140.000000    
   4.42786503       141.000000    
   4.43331671       142.000000    
   4.43864632       143.000000    
   4.44385481       144.000000    
   4.44894218       145.000000    
   4.45391083       146.000000    
   4.45875978       147.000000    
   4.46349239       148.000000    
   4.46810818       149.000000    
   4.47261047       150.000000    
