   4.68534184       0.00000000    
   4.67314959       1.00000000    
   4.66092491       2.00000000    
   4.64874268       3.00000000    
   4.63656425       4.00000000    
   4.62442923       5.00000000    
   4.61241722       6.00000000    
   4.60037661       7.00000000    
   4.58861971       8.00000000    
   4.57684231       9.00000000    
   4.56530046       10.0000000    
   4.55388880       11.0000000    
   4.54259491       12.0000000    
   4.53164148       13.0000000    
   4.52066565       14.0000000    
   4.51022577       15.0000000    
   4.49979782       16.0000000    
   4.48974085       17.0000000    
   4.47993946       18.0000000    
   4.47029400       19.0000000    
   4.46116590       20.0000000    
   4.45205307       21.0000000    
   4.44359303       22.0000000    
   4.43519211       23.0000000    
   4.42718601       24.0000000    
   4.41957855       25.0000000    
   4.41207027       26.0000000    
   4.40522671       27.0000000    
   4.39837217       28.0000000    
   4.39218664       29.0000000    
   4.38610601       30.0000000    
   4.38043261       31.0000000    
   4.37513065       32.0000000    
   4.36997461       33.0000000    
   4.36541939       34.0000000    
   4.36089754       35.0000000    
   4.35692120       36.0000000    
   4.35307169       37.0000000    
   4.34951878       38.0000000    
   4.34633923       39.0000000    
   4.34322786       40.0000000    
   4.34068489       41.0000000    
   4.33809376       42.0000000    
   4.33603001       43.0000000    
   4.33402300       44.0000000    
   4.33221436       45.0000000    
   4.33064365       46.0000000    
   4.32894945       47.0000000    
   4.32765055       48.0000000    
   4.32619905       49.0000000    
   4.32504654       50.0000000    
   4.32385349       51.0000000    
   4.32274151       52.0000000    
   4.32168245       53.0000000    
   4.32075310       54.0000000    
   4.32000446       55.0000000    
   4.31948280       56.0000000    
   4.31914377       57.0000000    
   4.31910658       58.0000000    
   4.31921721       59.0000000    
   4.31949091       60.0000000    
   4.32013083       61.0000000    
   4.32085896       62.0000000    
   4.32197142       63.0000000    
   4.32317638       64.0000000    
   4.32456827       65.0000000    
   4.32614374       66.0000000    
   4.32789373       67.0000000    
   4.32971811       68.0000000    
   4.33170080       69.0000000    
   4.33382893       70.0000000    
   4.23571396       71.0000000    
   4.23694897       72.0000000    
   4.23818302       73.0000000    
   4.23970699       74.0000000    
   4.24113321       75.0000000    
   4.24275255       76.0000000    
   4.24446774       77.0000000    
   4.24618292       78.0000000    
   4.24809074       79.0000000    
   4.24990082       80.0000000    
   4.25190449       81.0000000    
   4.25390673       82.0000000    
   4.25600481       83.0000000    
   4.25800514       84.0000000    
   4.26019812       85.0000000    
   4.26239061       86.0000000    
   4.26458120       87.0000000    
   4.26686716       88.0000000    
   4.26905584       89.0000000    
   4.27143526       90.0000000    
   4.27371740       91.0000000    
   4.27609444       92.0000000    
   4.27846956       93.0000000    
   4.28084373       94.0000000    
   4.28321648       95.0000000    
   4.28568220       96.0000000    
   4.28814697       97.0000000    
   4.29051447       98.0000000    
   4.29297638       99.0000000    
   4.29543591       100.000000    
   4.29798937       101.000000    
   4.30044603       102.000000    
   4.30289936       103.000000    
   4.30535269       104.000000    
   4.30789852       105.000000    
   4.31034708       106.000000    
   4.31288910       107.000000    
   4.31542873       108.000000    
   4.31787252       109.000000    
   4.32040882       110.000000    
   4.32294226       111.000000    
   4.32547474       112.000000    
   4.32791090       113.000000    
   4.33043957       114.000000    
   4.33296537       115.000000    
   4.33548975       116.000000    
   4.33801222       117.000000    
   4.34053230       118.000000    
   4.34305096       119.000000    
   4.34556723       120.000000    
   4.34798908       121.000000    
   4.35050201       122.000000    
   4.35301208       123.000000    
   4.35552168       124.000000    
   4.35802794       125.000000    
   4.36053276       126.000000    
   4.36303568       127.000000    
   4.36553669       128.000000    
   4.36803532       129.000000    
   4.37053204       130.000000    
   4.37302685       131.000000    
   4.37552023       132.000000    
   4.37984180       133.000000    
   4.38627195       134.000000    
   4.39258099       135.000000    
   4.39876747       136.000000    
   4.40483284       137.000000    
   4.41077471       138.000000    
   4.41659451       139.000000    
   4.42229080       140.000000    
   4.42786503       141.000000    
   4.43331671       142.000000    
   4.43864632       143.000000    
   4.44385481       144.000000    
   4.44894218       145.000000    
   4.45391083       146.000000    
   4.45875978       147.000000    
   4.46349239       148.000000    
   4.46810818       149.000000    
   4.47261047       150.000000    
