   4.68534184       0.00000000    
   4.67314959       1.00000000    
   4.66092491       2.00000000    
   4.64874268       3.00000000    
   4.63656425       4.00000000    
   4.62442923       5.00000000    
   4.61241722       6.00000000    
   4.60037661       7.00000000    
   4.58861971       8.00000000    
   4.57684231       9.00000000    
   4.56530046       10.0000000    
   4.55388880       11.0000000    
   4.54259491       12.0000000    
   4.53164148       13.0000000    
   4.52066565       14.0000000    
   4.51022577       15.0000000    
   4.49979782       16.0000000    
   4.48974085       17.0000000    
   4.47993946       18.0000000    
   4.47029400       19.0000000    
   4.46116590       20.0000000    
   4.45205307       21.0000000    
   4.44359303       22.0000000    
   4.43519211       23.0000000    
   4.42718601       24.0000000    
   4.41957855       25.0000000    
   4.41207027       26.0000000    
   4.40522671       27.0000000    
   4.39837217       28.0000000    
   4.39218664       29.0000000    
   4.38610601       30.0000000    
   4.38043261       31.0000000    
   4.37513065       32.0000000    
   4.36997461       33.0000000    
   4.36541939       34.0000000    
   4.36089706       35.0000000    
   4.35691690       36.0000000    
   4.35300446       37.0000000    
   4.34920931       38.0000000    
   4.34526491       39.0000000    
   4.34027910       40.0000000    
   4.33453941       41.0000000    
   4.32735586       42.0000000    
   4.31971121       43.0000000    
   4.31060648       44.0000000    
   4.30062437       45.0000000    
   4.29055500       46.0000000    
   4.27919865       47.0000000    
   4.26898146       48.0000000    
   4.25789356       49.0000000    
   4.25296640       50.0000000    
   4.24943686       51.0000000    
   4.24620104       52.0000000    
   4.24336100       53.0000000    
   4.24083853       54.0000000    
   4.23864555       55.0000000    
   4.23678970       56.0000000    
   4.23518658       57.0000000    
   4.23393536       58.0000000    
   4.23285484       59.0000000    
   4.23194838       60.0000000    
   4.23140717       61.0000000    
   4.23095131       62.0000000    
   4.23086786       63.0000000    
   4.23087358       64.0000000    
   4.23106575       65.0000000    
   4.23144627       66.0000000    
   4.23201418       67.0000000    
   4.23267698       68.0000000    
   4.23352957       69.0000000    
   4.23457432       70.0000000    
   4.23571396       71.0000000    
   4.23694897       72.0000000    
   4.23818302       73.0000000    
   4.23970699       74.0000000    
   4.24113321       75.0000000    
   4.24275255       76.0000000    
   4.24446774       77.0000000    
   4.24618292       78.0000000    
   4.24809074       79.0000000    
   4.24990082       80.0000000    
   4.25190449       81.0000000    
   4.25390673       82.0000000    
   4.25600481       83.0000000    
   4.25800514       84.0000000    
   4.26019812       85.0000000    
   4.26239061       86.0000000    
   4.26458120       87.0000000    
   4.26686716       88.0000000    
   4.26905584       89.0000000    
   4.27143526       90.0000000    
   4.27371740       91.0000000    
   4.27609444       92.0000000    
   4.27846956       93.0000000    
   4.28116465       94.0000000    
   4.28618956       95.0000000    
   4.29140186       96.0000000    
   4.29655409       97.0000000    
   4.30140877       98.0000000    
   4.30644321       99.0000000    
   4.31141710       100.000000    
   4.31656027       101.000000    
   4.32141066       102.000000    
   4.32620144       103.000000    
   4.33093357       104.000000    
   4.33582163       105.000000    
   4.34043169       106.000000    
   4.34519243       107.000000    
   4.34988832       108.000000    
   4.35431623       109.000000    
   4.35888720       110.000000    
   4.36339378       111.000000    
   4.36783648       112.000000    
   4.37202740       113.000000    
   4.37634897       114.000000    
   4.38060904       115.000000    
   4.38480759       116.000000    
   4.38894510       117.000000    
   4.39302397       118.000000    
   4.39704275       119.000000    
   4.40100336       120.000000    
   4.40474367       121.000000    
   4.40859318       122.000000    
   4.41238642       123.000000    
   4.41612482       124.000000    
   4.41980839       125.000000    
   4.42343855       126.000000    
   4.42701674       127.000000    
   4.43054247       128.000000    
   4.43401766       129.000000    
   4.43744326       130.000000    
   4.44082022       131.000000    
   4.44414949       132.000000    
   4.44743204       133.000000    
   4.45082951       134.000000    
   4.45424366       135.000000    
   4.45758963       136.000000    
   4.46087027       137.000000    
   4.46408796       138.000000    
   4.46724463       139.000000    
   4.47034311       140.000000    
   4.47338676       141.000000    
   4.47637701       142.000000    
   4.47931671       143.000000    
   4.48220778       144.000000    
   4.48505259       145.000000    
   4.48785353       146.000000    
   4.49061251       147.000000    
   4.49333048       148.000000    
   4.49601126       149.000000    
   4.49865532       150.000000    
