   4.58775663       0.00000000    
   4.49794817       1.00000000    
   4.42131424       2.00000000    
   4.35816669       3.00000000    
   4.30699158       4.00000000    
   4.26642370       5.00000000    
   4.23561335       6.00000000    
   4.21303988       7.00000000    
   4.19592190       8.00000000    
   4.17305470       9.00000000    
   4.11798668       10.0000000    
   4.07676363       11.0000000    
   4.05201960       12.0000000    
   4.04912376       13.0000000    
   4.04711580       14.0000000    
   4.04564238       15.0000000    
   4.04471397       16.0000000    
   4.04424286       17.0000000    
   4.04423571       18.0000000    
   4.04469490       19.0000000    
   4.04543495       20.0000000    
   4.04626751       21.0000000    
   4.04719353       22.0000000    
   4.04811907       23.0000000    
   4.04913807       24.0000000    
   4.05006075       25.0000000    
   4.05117226       26.0000000    
   4.05218840       27.0000000    
   4.05320311       28.0000000    
   4.05421638       29.0000000    
   4.05523014       30.0000000    
   4.05633736       31.0000000    
   4.05734825       32.0000000    
   4.05835867       33.0000000    
   4.05936861       34.0000000    
   4.06047201       35.0000000    
   4.06147957       36.0000000    
   4.06248617       37.0000000    
   4.06349182       38.0000000    
   4.06459188       39.0000000    
   4.06559610       40.0000000    
   4.06659937       41.0000000    
   4.06769705       42.0000000    
   4.06869841       43.0000000    
   4.06969881       44.0000000    
   4.07079411       45.0000000    
   4.07179308       46.0000000    
   4.07288694       47.0000000    
   4.07388401       48.0000000    
   4.07497644       49.0000000    
   4.07606745       50.0000000    
   4.07706165       51.0000000    
   4.07815218       52.0000000    
   4.07924128       53.0000000    
   4.08032942       54.0000000    
   4.08141756       55.0000000    
   4.08250427       56.0000000    
   4.08359051       57.0000000    
   4.08477259       58.0000000    
   4.08585739       59.0000000    
   4.08703804       60.0000000    
   4.08812141       61.0000000    
   4.08930111       62.0000000    
   4.09047937       63.0000000    
   4.09165764       64.0000000    
   4.09283543       65.0000000    
   4.09410858       66.0000000    
   4.09528494       67.0000000    
   4.09655809       68.0000000    
   4.09792709       69.0000000    
   4.09919834       70.0000000    
   4.10056639       71.0000000    
   4.10183668       72.0000000    
   4.10330105       73.0000000    
   4.10486174       74.0000000    
   4.10671377       75.0000000    
   4.10875940       76.0000000    
   4.11089993       77.0000000    
   4.11313677       78.0000000    
   4.11537170       79.0000000    
   4.11760521       80.0000000    
   4.11993313       81.0000000    
   4.12226009       82.0000000    
   4.12448835       83.0000000    
   4.12681150       84.0000000    
   4.12913275       85.0000000    
   4.13145208       86.0000000    
   4.13376999       87.0000000    
   4.13608599       88.0000000    
   4.13840008       89.0000000    
   4.14071226       90.0000000    
   4.14302301       91.0000000    
   4.14533091       92.0000000    
   4.14763832       93.0000000    
   4.14994335       94.0000000    
   4.15321159       95.0000000    
   4.15833092       96.0000000    
   4.16338634       97.0000000    
   4.16837692       98.0000000    
   4.17330360       99.0000000    
   4.17816496       100.000000    
   4.18296289       101.000000    
   4.18769646       102.000000    
   4.19236469       103.000000    
   4.19696999       104.000000    
   4.20151186       105.000000    
   4.20598936       106.000000    
   4.21040392       107.000000    
   4.21475554       108.000000    
   4.21904421       109.000000    
   4.22327089       110.000000    
   4.22743559       111.000000    
   4.23153973       112.000000    
   4.23558235       113.000000    
   4.23956490       114.000000    
   4.24348783       115.000000    
   4.24735117       116.000000    
   4.25115681       117.000000    
   4.25490379       118.000000    
   4.25859404       119.000000    
   4.26222849       120.000000    
   4.26580715       121.000000    
   4.26933002       122.000000    
   4.27279997       123.000000    
   4.27621651       124.000000    
   4.27958059       125.000000    
   4.28289270       126.000000    
   4.28615475       127.000000    
   4.28936720       128.000000    
   4.29253101       129.000000    
   4.29564714       130.000000    
   4.29871702       131.000000    
   4.30174017       132.000000    
   4.30471945       133.000000    
   4.30780506       134.000000    
   4.31090641       135.000000    
   4.31394339       136.000000    
   4.31691694       137.000000    
   4.31983042       138.000000    
   4.32268715       139.000000    
   4.32548761       140.000000    
   4.32823563       141.000000    
   4.33093357       142.000000    
   4.33358335       143.000000    
   4.33618689       144.000000    
   4.33874702       145.000000    
   4.34126472       146.000000    
   4.34374285       147.000000    
   4.34618330       148.000000    
   4.34858751       149.000000    
   4.35095692       150.000000    
