   2.00000009E-03   0.00000000    
   2.00000009E-03   1.00000000    
   2.00000009E-03   2.00000000    
   2.00000009E-03   3.00000000    
   2.00000009E-03   4.00000000    
   2.00000009E-03   5.00000000    
   2.00000009E-03   6.00000000    
   2.00000009E-03   7.00000000    
   2.00000009E-03   8.00000000    
   2.00000009E-03   9.00000000    
   2.00000009E-03   10.0000000    
   2.00000009E-03   11.0000000    
   2.00000009E-03   12.0000000    
   2.00000009E-03   13.0000000    
   2.00000009E-03   14.0000000    
   5.62889408E-03   15.0000000    
   1.03318579E-02   16.0000000    
   1.18933609E-02   17.0000000    
   1.32730249E-02   18.0000000    
   1.44619048E-02   19.0000000    
   1.54667720E-02   20.0000000    
   1.62809398E-02   21.0000000    
   1.69354118E-02   22.0000000    
   1.74575448E-02   23.0000000    
   1.78851038E-02   24.0000000    
   1.82168931E-02   25.0000000    
   1.84763856E-02   26.0000000    
   1.86713245E-02   27.0000000    
   1.88177377E-02   28.0000000    
   1.89317521E-02   29.0000000    
   1.90214328E-02   30.0000000    
   1.90948639E-02   31.0000000    
   1.91520713E-02   32.0000000    
   1.92092434E-02   33.0000000    
   1.92663688E-02   34.0000000    
   1.93153676E-02   35.0000000    
   1.93562452E-02   36.0000000    
   1.94051731E-02   37.0000000    
   1.94459967E-02   38.0000000    
   1.94948614E-02   39.0000000    
   1.95436794E-02   40.0000000    
   1.95843913E-02   41.0000000    
   1.96331516E-02   42.0000000    
   1.96737908E-02   43.0000000    
   1.97224710E-02   44.0000000    
   1.97630618E-02   45.0000000    
   1.98116694E-02   46.0000000    
   1.98521800E-02   47.0000000    
   1.99007094E-02   48.0000000    
   1.99411605E-02   49.0000000    
   1.99896190E-02   50.0000000    
   2.00299919E-02   51.0000000    
   2.00703312E-02   52.0000000    
   2.01106332E-02   53.0000000    
   2.01589558E-02   54.0000000    
   2.01991871E-02   55.0000000    
   2.02393830E-02   56.0000000    
   2.02715322E-02   57.0000000    
   2.03116629E-02   58.0000000    
   2.03517713E-02   59.0000000    
   2.03838069E-02   60.0000000    
   2.04238463E-02   61.0000000    
   2.04558298E-02   62.0000000    
   2.04878021E-02   63.0000000    
   2.05197241E-02   64.0000000    
   2.05436274E-02   65.0000000    
   2.05675047E-02   66.0000000    
   2.05913708E-02   67.0000000    
   2.06152014E-02   68.0000000    
   2.06310265E-02   69.0000000    
   2.06468459E-02   70.0000000    
   2.06626412E-02   71.0000000    
   2.06784233E-02   72.0000000    
   2.06862222E-02   73.0000000    
   2.06780620E-02   74.0000000    
   2.06539780E-02   75.0000000    
   2.06139944E-02   76.0000000    
   2.05660835E-02   77.0000000    
   2.05182247E-02   78.0000000    
   2.04624739E-02   79.0000000    
              NaN   80.0000000    
              NaN   81.0000000    
   2.02796701E-02   82.0000000    
   2.02162229E-02   83.0000000    
   2.01607663E-02   84.0000000    
   2.00974550E-02   85.0000000    
   2.00342145E-02   86.0000000    
   1.99710447E-02   87.0000000    
   1.99079420E-02   88.0000000    
   1.98449139E-02   89.0000000    
   1.97819583E-02   90.0000000    
   1.97190773E-02   91.0000000    
   1.96562633E-02   92.0000000    
   1.95935275E-02   93.0000000    
   1.95308700E-02   94.0000000    
   1.93676036E-02   95.0000000    
   1.90059915E-02   96.0000000    
   1.86437014E-02   97.0000000    
   1.82808358E-02   98.0000000    
   1.79176722E-02   99.0000000    
   1.75544154E-02   100.000000    
   1.71912480E-02   101.000000    
   1.68284643E-02   102.000000    
   1.64662097E-02   103.000000    
   1.61047149E-02   104.000000    
   1.57442149E-02   105.000000    
   1.53849246E-02   106.000000    
   1.50270499E-02   107.000000    
   1.46708339E-02   108.000000    
   1.43164443E-02   109.000000    
   1.39641548E-02   110.000000    
   1.36141442E-02   111.000000    
   1.32665690E-02   112.000000    
   1.29217161E-02   113.000000    
   1.25797400E-02   114.000000    
   1.22408345E-02   115.000000    
   1.19052241E-02   116.000000    
   1.15730576E-02   117.000000    
   1.12445448E-02   118.000000    
   1.09198354E-02   119.000000    
   1.05991028E-02   120.000000    
   1.02825556E-02   121.000000    
   9.97031201E-03   122.000000    
   9.66253038E-03   123.000000    
   9.35934205E-03   124.000000    
   9.06090625E-03   125.000000    
   8.76736362E-03   126.000000    
   8.47878587E-03   127.000000    
   8.19534156E-03   128.000000    
   7.91710522E-03   129.000000    
   7.64419790E-03   130.000000    
   7.37668714E-03   131.000000    
   7.11465534E-03   132.000000    
   6.85819099E-03   133.000000    
   6.56004576E-03   134.000000    
   6.24774955E-03   135.000000    
   5.94701990E-03   136.000000    
   5.65762632E-03   137.000000    
   5.37937647E-03   138.000000    
   5.11203147E-03   139.000000    
   4.85534035E-03   140.000000    
   4.60910099E-03   141.000000    
   4.37303307E-03   142.000000    
   4.14691074E-03   143.000000    
   3.93047277E-03   144.000000    
   3.72345909E-03   145.000000    
   3.52560217E-03   146.000000    
   3.33668920E-03   147.000000    
   3.15638538E-03   148.000000    
   2.98447604E-03   149.000000    
   2.82069785E-03   150.000000    
