   4.58775663       0.00000000    
   4.56825972       1.00000000    
   4.54867887       2.00000000    
   4.52925062       3.00000000    
   4.50986338       4.00000000    
   4.49062920       5.00000000    
   4.47183561       6.00000000    
   4.45295763       7.00000000    
   4.43502045       8.00000000    
   4.41703939       9.00000000    
   4.39980698       10.0000000    
   4.38300228       11.0000000    
   4.36656952       12.0000000    
   4.35119772       13.0000000    
   4.33576822       14.0000000    
   4.32189798       15.0000000    
   4.30809879       16.0000000    
   4.29533577       17.0000000    
   4.28323078       18.0000000    
   4.27159691       19.0000000    
   4.26125288       20.0000000    
   4.25092268       21.0000000    
   4.24213123       22.0000000    
   4.23351622       23.0000000    
   4.22553396       24.0000000    
   4.21818447       25.0000000    
   4.21012545       26.0000000    
   4.19971037       27.0000000    
   4.18662214       28.0000000    
   4.17051888       29.0000000    
   4.15170145       30.0000000    
   4.13315058       31.0000000    
   4.12500954       32.0000000    
   4.11755037       33.0000000    
   4.11075211       34.0000000    
   4.10484362       35.0000000    
   4.09961367       36.0000000    
   4.09500694       37.0000000    
   4.09105349       38.0000000    
   4.08768463       39.0000000    
   4.08482790       40.0000000    
   4.08249569       41.0000000    
   4.08070040       42.0000000    
   4.07935810       43.0000000    
   4.07828522       44.0000000    
   4.07767773       45.0000000    
   4.07725239       46.0000000    
   4.07720327       47.0000000    
   4.07743740       48.0000000    
   4.07786083       49.0000000    
   4.07837725       50.0000000    
   4.07908487       51.0000000    
   4.07988787       52.0000000    
   4.08078480       53.0000000    
   4.08177757       54.0000000    
   4.08276939       55.0000000    
   4.08376122       56.0000000    
   4.08484745       57.0000000    
   4.08593321       58.0000000    
   4.08711529       59.0000000    
   4.08820009       60.0000000    
   4.08938074       61.0000000    
   4.09056091       62.0000000    
   4.09183645       63.0000000    
   4.09301519       64.0000000    
   4.09429026       65.0000000    
   4.09546709       66.0000000    
   4.09674120       67.0000000    
   4.09811068       68.0000000    
   4.09938383       69.0000000    
   4.10075235       70.0000000    
   4.10212040       71.0000000    
   4.10358524       72.0000000    
   4.10514593       73.0000000    
   4.10670710       74.0000000    
   4.10846043       75.0000000    
   4.11031055       76.0000000    
   4.11225653       77.0000000    
   4.11429787       78.0000000    
   4.11633825       79.0000000    
   4.11847401       80.0000000    
   4.12060833       81.0000000    
   4.12274122       82.0000000    
   4.12496996       83.0000000    
   4.12719631       84.0000000    
   4.12942076       85.0000000    
   4.13173962       86.0000000    
   4.13396120       87.0000000    
   4.13627672       88.0000000    
   4.13849545       89.0000000    
   4.14080811       90.0000000    
   4.14311838       91.0000000    
   4.14542627       92.0000000    
   4.14773273       93.0000000    
   4.14994335       94.0000000    
   4.15321159       95.0000000    
   4.15833092       96.0000000    
   4.16338634       97.0000000    
   4.16837692       98.0000000    
   4.17330360       99.0000000    
   4.17816496       100.000000    
   4.18296289       101.000000    
   4.18769646       102.000000    
   4.19236469       103.000000    
   4.19696999       104.000000    
   4.20151186       105.000000    
   4.20598936       106.000000    
   4.21040392       107.000000    
   4.21475554       108.000000    
   4.21904421       109.000000    
   4.22327089       110.000000    
   4.22743559       111.000000    
   4.23153973       112.000000    
   4.23558235       113.000000    
   4.23956490       114.000000    
   4.24348783       115.000000    
   4.24735117       116.000000    
   4.25115681       117.000000    
   4.25490379       118.000000    
   4.25859404       119.000000    
   4.26222849       120.000000    
   4.26580715       121.000000    
   4.26933002       122.000000    
   4.27279997       123.000000    
   4.27621651       124.000000    
   4.27958059       125.000000    
   4.28289270       126.000000    
   4.28615475       127.000000    
   4.28936720       128.000000    
   4.29253101       129.000000    
   4.29564714       130.000000    
   4.29871702       131.000000    
   4.30174017       132.000000    
   4.30471945       133.000000    
   4.30780506       134.000000    
   4.31090641       135.000000    
   4.31394339       136.000000    
   4.31691694       137.000000    
   4.31983042       138.000000    
   4.32268715       139.000000    
   4.32548761       140.000000    
   4.32823563       141.000000    
   4.33093357       142.000000    
   4.33358335       143.000000    
   4.33618689       144.000000    
   4.33874702       145.000000    
   4.34126472       146.000000    
   4.34374285       147.000000    
   4.34618330       148.000000    
   4.34858751       149.000000    
   4.35095692       150.000000    
