   4.58775663       0.00000000    
   4.57500648       1.00000000    
   4.56221962       2.00000000    
   4.54947376       3.00000000    
   4.53672791       4.00000000    
   4.52402401       5.00000000    
   4.51144171       6.00000000    
   4.49882841       7.00000000    
   4.48650074       8.00000000    
   4.47415066       9.00000000    
   4.46203709       10.0000000    
   4.45005465       11.0000000    
   4.43818903       12.0000000    
   4.42667007       13.0000000    
   4.41512394       14.0000000    
   4.40412426       15.0000000    
   4.39313412       16.0000000    
   4.38252163       17.0000000    
   4.37216806       18.0000000    
   4.36197138       19.0000000    
   4.35230303       20.0000000    
   4.34264803       21.0000000    
   4.33365965       22.0000000    
   4.32472944       23.0000000    
   4.31620312       24.0000000    
   4.30808306       25.0000000    
   4.30006313       26.0000000    
   4.29272318       27.0000000    
   4.28537083       28.0000000    
   4.27870321       29.0000000    
   4.27214146       30.0000000    
   4.26599693       31.0000000    
   4.26023293       32.0000000    
   4.25461721       33.0000000    
   4.24961710       34.0000000    
   4.24464989       35.0000000    
   4.24024105       36.0000000    
   4.23590899       37.0000000    
   4.23171234       38.0000000    
   4.22740602       39.0000000    
   4.22211838       40.0000000    
   4.21615362       41.0000000    
   4.20880079       42.0000000    
   4.20103788       43.0000000    
   4.19187498       44.0000000    
   4.18187904       45.0000000    
   4.17181253       46.0000000    
   4.16050243       47.0000000    
   4.15031004       48.0000000    
   4.13927412       49.0000000    
   4.13418722       50.0000000    
   4.13045073       51.0000000    
   4.12700701       52.0000000    
   4.12395573       53.0000000    
   4.12122011       54.0000000    
   4.11881161       55.0000000    
   4.11673737       56.0000000    
   4.11491394       57.0000000    
   4.11344004       58.0000000    
   4.11213398       59.0000000    
   4.11100101       60.0000000    
   4.11022902       61.0000000    
   4.10954237       62.0000000    
   4.10922432       63.0000000    
   4.10899496       64.0000000    
   4.10894918       65.0000000    
   4.10908937       66.0000000    
   4.10941601       67.0000000    
   4.10983610       68.0000000    
   4.11044407       69.0000000    
   4.11124182       70.0000000    
   4.11213303       71.0000000    
   4.11311913       72.0000000    
   4.11410475       73.0000000    
   4.11537647       74.0000000    
   4.11655188       75.0000000    
   4.11791801       76.0000000    
   4.11937952       77.0000000    
   4.12084007       78.0000000    
   4.12249184       79.0000000    
   4.12404680       80.0000000    
   4.12579298       81.0000000    
   4.12753820       82.0000000    
   4.12937784       83.0000000    
   4.13112259       84.0000000    
   4.13305569       85.0000000    
   4.13498878       86.0000000    
   4.13692093       87.0000000    
   4.13894701       88.0000000    
   4.14087677       89.0000000    
   4.14299583       90.0000000    
   4.14501810       91.0000000    
   4.14713478       92.0000000    
   4.14925003       93.0000000    
   4.15167284       94.0000000    
   4.15633392       95.0000000    
   4.16117859       96.0000000    
   4.16596413       97.0000000    
   4.17046070       98.0000000    
   4.17513180       99.0000000    
   4.17974377       100.000000    
   4.18451977       101.000000    
   4.18901205       102.000000    
   4.19344616       103.000000    
   4.19782305       104.000000    
   4.20235157       105.000000    
   4.20660973       106.000000    
   4.21101427       107.000000    
   4.21535587       108.000000    
   4.21943855       109.000000    
   4.22365808       110.000000    
   4.22781706       111.000000    
   4.23191404       112.000000    
   4.23576593       113.000000    
   4.23974562       114.000000    
   4.24366522       115.000000    
   4.24752522       116.000000    
   4.25132704       117.000000    
   4.25507164       118.000000    
   4.25875902       119.000000    
   4.26238966       120.000000    
   4.26580715       121.000000    
   4.26933002       122.000000    
   4.27279997       123.000000    
   4.27621651       124.000000    
   4.27958059       125.000000    
   4.28289270       126.000000    
   4.28615475       127.000000    
   4.28936720       128.000000    
   4.29253101       129.000000    
   4.29564714       130.000000    
   4.29871702       131.000000    
   4.30174017       132.000000    
   4.30471945       133.000000    
   4.30780506       134.000000    
   4.31090641       135.000000    
   4.31394339       136.000000    
   4.31691694       137.000000    
   4.31983042       138.000000    
   4.32268715       139.000000    
   4.32548761       140.000000    
   4.32823563       141.000000    
   4.33093357       142.000000    
   4.33358335       143.000000    
   4.33618689       144.000000    
   4.33874702       145.000000    
   4.34126472       146.000000    
   4.34374285       147.000000    
   4.34618330       148.000000    
   4.34858751       149.000000    
   4.35095692       150.000000    
