   2.00000009E-03   0.00000000    
   2.00000009E-03   1.00000000    
   2.00000009E-03   2.00000000    
   2.00000009E-03   3.00000000    
   2.00000009E-03   4.00000000    
   2.00000009E-03   5.00000000    
   2.00000009E-03   6.00000000    
   2.00000009E-03   7.00000000    
   2.00000009E-03   8.00000000    
   2.00000009E-03   9.00000000    
   2.00000009E-03   10.0000000    
   2.00000009E-03   11.0000000    
   2.00000009E-03   12.0000000    
   2.00000009E-03   13.0000000    
   2.00000009E-03   14.0000000    
   2.00000009E-03   15.0000000    
   2.00000009E-03   16.0000000    
   2.00000009E-03   17.0000000    
   2.00000009E-03   18.0000000    
   2.00000009E-03   19.0000000    
   2.00000009E-03   20.0000000    
   2.00000009E-03   21.0000000    
   2.00000009E-03   22.0000000    
   2.00000009E-03   23.0000000    
   2.00000009E-03   24.0000000    
   2.00000009E-03   25.0000000    
   2.00000009E-03   26.0000000    
   2.51399702E-03   27.0000000    
   4.55713784E-03   28.0000000    
   6.96591986E-03   29.0000000    
   9.53348260E-03   30.0000000    
   1.20084016E-02   31.0000000    
   1.33539857E-02   32.0000000    
   1.41737871E-02   33.0000000    
   1.49299465E-02   34.0000000    
   1.56020299E-02   35.0000000    
   1.62096564E-02   36.0000000    
   1.67582408E-02   37.0000000    
   1.72460582E-02   38.0000000    
   1.76797807E-02   39.0000000    
   1.80665944E-02   40.0000000    
   1.84059273E-02   41.0000000    
   1.86973382E-02   42.0000000    
   1.89486425E-02   43.0000000    
   1.91758350E-02   44.0000000    
   1.93626396E-02   45.0000000    
   1.95332617E-02   46.0000000    
   1.96714848E-02   47.0000000    
   1.97854023E-02   48.0000000    
   1.98830888E-02   49.0000000    
   1.99726429E-02   50.0000000    
   2.00459510E-02   51.0000000    
   2.01111436E-02   52.0000000    
   2.01682132E-02   53.0000000    
   2.02171672E-02   54.0000000    
   2.02660728E-02   55.0000000    
   2.03149486E-02   56.0000000    
   2.03557052E-02   57.0000000    
   2.03964449E-02   58.0000000    
   2.04290785E-02   59.0000000    
   2.04697512E-02   60.0000000    
   2.05023214E-02   61.0000000    
   2.05348898E-02   62.0000000    
   2.05593687E-02   63.0000000    
   2.05918625E-02   64.0000000    
   2.06163041E-02   65.0000000    
   2.06487477E-02   66.0000000    
   2.03158371E-02   67.0000000    
   1.99455544E-02   68.0000000    
   1.95969958E-02   69.0000000    
   1.92228090E-02   70.0000000    
   2.07464136E-02   71.0000000    
   2.07546838E-02   72.0000000    
   2.07549389E-02   73.0000000    
   2.07551848E-02   74.0000000    
   2.07394417E-02   75.0000000    
   2.07157191E-02   76.0000000    
   2.06840113E-02   77.0000000    
   2.06443612E-02   78.0000000    
   2.06047501E-02   79.0000000    
   2.05571912E-02   80.0000000    
   2.05096714E-02   81.0000000    
   2.04622112E-02   82.0000000    
   2.04068385E-02   83.0000000    
   2.03515086E-02   84.0000000    
   2.02962514E-02   85.0000000    
   2.02330928E-02   86.0000000    
   2.01779567E-02   87.0000000    
   2.01149285E-02   88.0000000    
   2.00599059E-02   89.0000000    
   1.99970063E-02   90.0000000    
   1.99341886E-02   91.0000000    
   1.98714305E-02   92.0000000    
   1.98087469E-02   93.0000000    
   1.97540428E-02   94.0000000    
   1.96915008E-02   95.0000000    
   1.96290258E-02   96.0000000    
   1.95666254E-02   97.0000000    
   1.95042975E-02   98.0000000    
   1.94420461E-02   99.0000000    
   1.93798635E-02   100.000000    
   1.93177592E-02   101.000000    
   1.92557313E-02   102.000000    
   1.91937778E-02   103.000000    
   1.91319045E-02   104.000000    
   1.90701019E-02   105.000000    
   1.90083832E-02   106.000000    
   1.89467333E-02   107.000000    
   1.88851655E-02   108.000000    
   1.88236758E-02   109.000000    
   1.87622681E-02   110.000000    
   1.87009387E-02   111.000000    
   1.86396893E-02   112.000000    
   1.85785219E-02   113.000000    
   1.85174309E-02   114.000000    
   1.84564237E-02   115.000000    
   1.83955040E-02   116.000000    
   1.83346607E-02   117.000000    
   1.82738993E-02   118.000000    
   1.82132237E-02   119.000000    
   1.81526337E-02   120.000000    
   1.80921238E-02   121.000000    
   1.80317033E-02   122.000000    
   1.79713648E-02   123.000000    
   1.79111157E-02   124.000000    
   1.78509504E-02   125.000000    
   1.77908726E-02   126.000000    
   1.77308805E-02   127.000000    
   1.76709760E-02   128.000000    
   1.76111553E-02   129.000000    
   1.75514296E-02   130.000000    
   1.74917877E-02   131.000000    
   1.74322426E-02   132.000000    
   1.73727795E-02   133.000000    
   1.73134096E-02   134.000000    
   1.72541253E-02   135.000000    
   1.71949379E-02   136.000000    
   1.71358380E-02   137.000000    
   1.70768313E-02   138.000000    
   1.70179177E-02   139.000000    
   1.69590972E-02   140.000000    
   1.69003662E-02   141.000000    
   1.68417301E-02   142.000000    
   1.67831872E-02   143.000000    
   1.67247374E-02   144.000000    
   1.66663826E-02   145.000000    
   1.66081265E-02   146.000000    
   1.65499635E-02   147.000000    
   1.64918918E-02   148.000000    
   1.64339263E-02   149.000000    
   1.63760502E-02   150.000000    
