   4.88440132       0.00000000    
   4.83837605       1.00000000    
   4.79304695       2.00000000    
   4.74862242       3.00000000    
   4.70529318       4.00000000    
   4.66352224       5.00000000    
   4.62400913       6.00000000    
   4.58725500       7.00000000    
   4.55395222       8.00000000    
   4.52374268       9.00000000    
   4.49663067       10.0000000    
   4.47267246       11.0000000    
   4.45168638       12.0000000    
   4.43341637       13.0000000    
   4.41445446       14.0000000    
   4.38644695       15.0000000    
   4.34888887       16.0000000    
   4.32955027       17.0000000    
   4.31243992       18.0000000    
   4.29767609       19.0000000    
   4.28522444       20.0000000    
   4.27526188       21.0000000    
   4.26743031       22.0000000    
   4.26140213       23.0000000    
   4.25667763       24.0000000    
   4.25330448       25.0000000    
   4.25096273       26.0000000    
   4.24955320       27.0000000    
   4.24884939       28.0000000    
   4.24861908       29.0000000    
   4.24874592       30.0000000    
   4.24911022       31.0000000    
   4.24971533       32.0000000    
   4.25031805       33.0000000    
   4.25091839       34.0000000    
   4.25163937       35.0000000    
   4.25248003       36.0000000    
   4.25319767       37.0000000    
   4.25403547       38.0000000    
   4.25475121       39.0000000    
   4.25546455       40.0000000    
   4.25629854       41.0000000    
   4.25700951       42.0000000    
   4.25784063       43.0000000    
   4.25854874       44.0000000    
   4.25937843       45.0000000    
   4.26008415       46.0000000    
   4.26091051       47.0000000    
   4.26161385       48.0000000    
   4.26243782       49.0000000    
   4.26313782       50.0000000    
   4.26395988       51.0000000    
   4.26478100       52.0000000    
   4.26560068       53.0000000    
   4.26629496       54.0000000    
   4.26711273       55.0000000    
   4.26792908       56.0000000    
   4.26886797       57.0000000    
   4.26968241       58.0000000    
   4.27049541       59.0000000    
   4.27143145       60.0000000    
   4.27224255       61.0000000    
   4.27317715       62.0000000    
   4.27411079       63.0000000    
   4.27504301       64.0000000    
   4.27610016       65.0000000    
   4.27715588       66.0000000    
   4.27821112       67.0000000    
   4.27926540       68.0000000    
   4.28044367       69.0000000    
   4.28162193       70.0000000    
   4.28279972       71.0000000    
   4.28397655       72.0000000    
   4.28527832       73.0000000    
   4.28682947       74.0000000    
   4.28863144       75.0000000    
   4.29068279       76.0000000    
   4.29285765       77.0000000    
   4.29503155       78.0000000    
   4.29732895       79.0000000    
              NaN   80.0000000    
              NaN   81.0000000    
   4.30446148       82.0000000    
   4.30687714       83.0000000    
   4.30916643       84.0000000    
   4.31157827       85.0000000    
   4.31398773       86.0000000    
   4.31639576       87.0000000    
   4.31880283       88.0000000    
   4.32120657       89.0000000    
   4.32360935       90.0000000    
   4.32601023       91.0000000    
   4.32840919       92.0000000    
   4.33080626       93.0000000    
   4.33320189       94.0000000    
   4.33669567       95.0000000    
   4.34230852       96.0000000    
   4.34785652       97.0000000    
   4.35333872       98.0000000    
   4.35875511       99.0000000    
   4.36410570       100.000000    
   4.36939001       101.000000    
   4.37460804       102.000000    
   4.37976074       103.000000    
   4.38484669       104.000000    
   4.38986635       105.000000    
   4.39481926       106.000000    
   4.39970636       107.000000    
   4.40452719       108.000000    
   4.40928268       109.000000    
   4.41397190       110.000000    
   4.41859579       111.000000    
   4.42315435       112.000000    
   4.42764807       113.000000    
   4.43207693       114.000000    
   4.43644190       115.000000    
   4.44074297       116.000000    
   4.44498062       117.000000    
   4.44915533       118.000000    
   4.45326757       119.000000    
   4.45731831       120.000000    
   4.46130753       121.000000    
   4.46523666       122.000000    
   4.46910572       123.000000    
   4.47291660       124.000000    
   4.47666740       125.000000    
   4.48036146       126.000000    
   4.48399830       127.000000    
   4.48757887       128.000000    
   4.49110508       129.000000    
   4.49457645       130.000000    
   4.49799395       131.000000    
   4.50135946       132.000000    
   4.50467348       133.000000    
   4.50814533       134.000000    
   4.51165247       135.000000    
   4.51507902       136.000000    
   4.51843023       137.000000    
   4.52170658       138.000000    
   4.52491283       139.000000    
   4.52805090       140.000000    
   4.53112316       141.000000    
   4.53413296       142.000000    
   4.53708267       143.000000    
   4.53997326       144.000000    
   4.54280996       145.000000    
   4.54559326       146.000000    
   4.54832554       147.000000    
   4.55100965       148.000000    
   4.55364752       149.000000    
   4.55624056       150.000000    
