   2.00000009E-03   0.00000000    
   2.00000009E-03   1.00000000    
   2.00000009E-03   2.00000000    
   2.00000009E-03   3.00000000    
   2.00000009E-03   4.00000000    
   2.00000009E-03   5.00000000    
   2.00000009E-03   6.00000000    
   2.00000009E-03   7.00000000    
   2.00000009E-03   8.00000000    
   2.00000009E-03   9.00000000    
   2.00000009E-03   10.0000000    
   2.00000009E-03   11.0000000    
   2.00000009E-03   12.0000000    
   2.00000009E-03   13.0000000    
   2.00000009E-03   14.0000000    
   2.00000009E-03   15.0000000    
   2.00000009E-03   16.0000000    
   2.00000009E-03   17.0000000    
   2.00000009E-03   18.0000000    
   2.00000009E-03   19.0000000    
   2.00000009E-03   20.0000000    
   2.00000009E-03   21.0000000    
   2.00000009E-03   22.0000000    
   2.00000009E-03   23.0000000    
   2.00000009E-03   24.0000000    
   2.00000009E-03   25.0000000    
   2.00000009E-03   26.0000000    
   2.24946393E-03   27.0000000    
   4.42051515E-03   28.0000000    
   7.10844994E-03   29.0000000    
   1.00478781E-02   30.0000000    
   1.26901902E-02   31.0000000    
   1.37433885E-02   32.0000000    
   1.47251775E-02   33.0000000    
   1.56350583E-02   34.0000000    
   1.64471548E-02   35.0000000    
   1.71838012E-02   36.0000000    
   1.78507883E-02   37.0000000    
   1.84455588E-02   38.0000000    
   1.89758316E-02   39.0000000    
   1.94500294E-02   40.0000000    
   1.98673476E-02   41.0000000    
   2.02272013E-02   42.0000000    
   2.05389298E-02   43.0000000    
   2.08217129E-02   44.0000000    
   2.10560355E-02   45.0000000    
   2.12709196E-02   46.0000000    
   2.14469321E-02   47.0000000    
   2.15937942E-02   48.0000000    
   2.17211731E-02   49.0000000    
   2.18387861E-02   50.0000000    
   2.19369195E-02   51.0000000    
   2.20253207E-02   52.0000000    
   2.21039746E-02   53.0000000    
   2.21728869E-02   54.0000000    
   2.22417507E-02   55.0000000    
   2.23105550E-02   56.0000000    
   2.23696288E-02   57.0000000    
   2.24286746E-02   58.0000000    
   2.24779919E-02   59.0000000    
   2.25369465E-02   60.0000000    
   2.25861799E-02   61.0000000    
   2.26353947E-02   62.0000000    
   2.26749182E-02   63.0000000    
   2.27240417E-02   64.0000000    
   2.27635037E-02   65.0000000    
   2.28125378E-02   66.0000000    
   2.28519123E-02   67.0000000    
   2.28816569E-02   68.0000000    
   2.29209680E-02   69.0000000    
   2.29506399E-02   70.0000000    
   2.29803026E-02   71.0000000    
   2.30003390E-02   72.0000000    
   2.30107680E-02   73.0000000    
   2.30211802E-02   74.0000000    
   2.30124239E-02   75.0000000    
   2.29940992E-02   76.0000000    
   2.29661968E-02   77.0000000    
   2.29287613E-02   78.0000000    
   2.28913426E-02   79.0000000    
   2.28443891E-02   80.0000000    
   2.27974541E-02   81.0000000    
   2.27505788E-02   82.0000000    
   2.26941817E-02   83.0000000    
   2.26378068E-02   84.0000000    
   2.25814953E-02   85.0000000    
   2.25156732E-02   86.0000000    
   2.24594511E-02   87.0000000    
   2.23937295E-02   88.0000000    
   2.23375913E-02   89.0000000    
   2.22719628E-02   90.0000000    
   2.22063903E-02   91.0000000    
   2.21408736E-02   92.0000000    
   2.20754128E-02   93.0000000    
   2.20195148E-02   94.0000000    
   2.18559597E-02   95.0000000    
   2.14981679E-02   96.0000000    
   2.11385339E-02   97.0000000    
   2.07771435E-02   98.0000000    
   2.04142611E-02   99.0000000    
   2.00500842E-02   100.000000    
   1.96847655E-02   101.000000    
   1.93185993E-02   102.000000    
   1.89517308E-02   103.000000    
   1.85843725E-02   104.000000    
   1.82167571E-02   105.000000    
   1.78491063E-02   106.000000    
   1.74816214E-02   107.000000    
   1.71145387E-02   108.000000    
   1.67480502E-02   109.000000    
   1.63824186E-02   110.000000    
   1.60178393E-02   111.000000    
   1.56544894E-02   112.000000    
   1.52926510E-02   113.000000    
   1.49325030E-02   114.000000    
   1.45742688E-02   115.000000    
   1.42181767E-02   116.000000    
   1.38644045E-02   117.000000    
   1.35131888E-02   118.000000    
   1.31647084E-02   119.000000    
   1.28191588E-02   120.000000    
   1.24767832E-02   121.000000    
   1.21377334E-02   122.000000    
   1.18022002E-02   123.000000    
   1.14703504E-02   124.000000    
   1.11423833E-02   125.000000    
   1.08184852E-02   126.000000    
   1.04987575E-02   127.000000    
   1.01834182E-02   128.000000    
   9.87258274E-03   129.000000    
   9.56641790E-03   130.000000    
   9.26503912E-03   131.000000    
   8.96856748E-03   132.000000    
   8.67714733E-03   133.000000    
   8.33106227E-03   134.000000    
   7.96455704E-03   135.000000    
   7.61013851E-03   136.000000    
   7.26763345E-03   137.000000    
   6.93690358E-03   138.000000    
   6.61776541E-03   139.000000    
   6.31001079E-03   140.000000    
   6.01349119E-03   141.000000    
   5.72796352E-03   142.000000    
   5.45324711E-03   143.000000    
   5.18911611E-03   144.000000    
   4.93534049E-03   145.000000    
   4.69168508E-03   146.000000    
   4.45797294E-03   147.000000    
   4.23387997E-03   148.000000    
   4.01922036E-03   149.000000    
   3.81375314E-03   150.000000    
