   4.88440132       0.00000000    
   4.86132479       1.00000000    
   4.83813763       2.00000000    
   4.81511736       3.00000000    
   4.79213238       4.00000000    
   4.76931286       5.00000000    
   4.74699593       6.00000000    
   4.72456837       7.00000000    
   4.70323086       8.00000000    
   4.68183136       9.00000000    
   4.66129684       10.0000000    
   4.64125347       11.0000000    
   4.62163544       12.0000000    
   4.60325432       13.0000000    
   4.58479500       14.0000000    
   4.56816053       15.0000000    
   4.55160093       16.0000000    
   4.53625250       17.0000000    
   4.52167273       18.0000000    
   4.50763988       19.0000000    
   4.49512100       20.0000000    
   4.48261356       21.0000000    
   4.47191572       22.0000000    
   4.46142149       23.0000000    
   4.45167065       24.0000000    
   4.44279623       25.0000000    
   4.43333912       26.0000000    
   4.42149830       27.0000000    
   4.40666008       28.0000000    
   4.38831186       29.0000000    
   4.36671305       30.0000000    
   4.34513998       31.0000000    
   4.33468723       32.0000000    
   4.32499838       33.0000000    
   4.31606913       34.0000000    
   4.30819988       35.0000000    
   4.30114031       36.0000000    
   4.29483414       37.0000000    
   4.28932524       38.0000000    
   4.28453636       39.0000000    
   4.28037977       40.0000000    
   4.27687645       41.0000000    
   4.27404642       42.0000000    
   4.27178431       43.0000000    
   4.26986122       44.0000000    
   4.26852512       45.0000000    
   4.26741934       46.0000000    
   4.26679134       47.0000000    
   4.26652288       48.0000000    
   4.26649475       49.0000000    
   4.26658535       50.0000000    
   4.26691866       51.0000000    
   4.26737261       52.0000000    
   4.26794815       53.0000000    
   4.26864529       54.0000000    
   4.26934195       55.0000000    
   4.27003574       56.0000000    
   4.27085304       57.0000000    
   4.27166891       58.0000000    
   4.27260733       59.0000000    
   4.27342081       60.0000000    
   4.27435827       61.0000000    
   4.27529383       62.0000000    
   4.27635336       63.0000000    
   4.27728748       64.0000000    
   4.27834558       65.0000000    
   4.27927780       66.0000000    
   4.28033400       67.0000000    
   4.28151464       68.0000000    
   4.28256941       69.0000000    
   4.28374815       70.0000000    
   4.28492641       71.0000000    
   4.28622913       72.0000000    
   4.28765583       73.0000000    
   4.28908253       74.0000000    
   4.29075718       75.0000000    
   4.29255772       76.0000000    
   4.29448128       77.0000000    
   4.29652929       78.0000000    
   4.29857635       79.0000000    
   4.30074596       80.0000000    
   4.30291510       81.0000000    
   4.30508232       82.0000000    
   4.30737305       83.0000000    
   4.30966234       84.0000000    
   4.31194925       85.0000000    
   4.31435871       86.0000000    
   4.31664324       87.0000000    
   4.31904888       88.0000000    
   4.32133007       89.0000000    
   4.32373238       90.0000000    
   4.32613277       91.0000000    
   4.32853174       92.0000000    
   4.33092880       93.0000000    
   4.33320189       94.0000000    
   4.33669567       95.0000000    
   4.34230852       96.0000000    
   4.34785652       97.0000000    
   4.35333872       98.0000000    
   4.35875511       99.0000000    
   4.36410570       100.000000    
   4.36939001       101.000000    
   4.37460804       102.000000    
   4.37976074       103.000000    
   4.38484669       104.000000    
   4.38986635       105.000000    
   4.39481926       106.000000    
   4.39970636       107.000000    
   4.40452719       108.000000    
   4.40928268       109.000000    
   4.41397190       110.000000    
   4.41859579       111.000000    
   4.42315435       112.000000    
   4.42764807       113.000000    
   4.43207693       114.000000    
   4.43644190       115.000000    
   4.44074297       116.000000    
   4.44498062       117.000000    
   4.44915533       118.000000    
   4.45326757       119.000000    
   4.45731831       120.000000    
   4.46130753       121.000000    
   4.46523666       122.000000    
   4.46910572       123.000000    
   4.47291660       124.000000    
   4.47666740       125.000000    
   4.48036146       126.000000    
   4.48399830       127.000000    
   4.48757887       128.000000    
   4.49110508       129.000000    
   4.49457645       130.000000    
   4.49799395       131.000000    
   4.50135946       132.000000    
   4.50467348       133.000000    
   4.50814533       134.000000    
   4.51165247       135.000000    
   4.51507902       136.000000    
   4.51843023       137.000000    
   4.52170658       138.000000    
   4.52491283       139.000000    
   4.52805090       140.000000    
   4.53112316       141.000000    
   4.53413296       142.000000    
   4.53708267       143.000000    
   4.53997326       144.000000    
   4.54280996       145.000000    
   4.54559326       146.000000    
   4.54832554       147.000000    
   4.55100965       148.000000    
   4.55364752       149.000000    
   4.55624056       150.000000    
