   4.88440132       0.00000000    
   4.86920595       1.00000000    
   4.85396194       2.00000000    
   4.83875990       3.00000000    
   4.82355213       4.00000000    
   4.80838680       5.00000000    
   4.79335785       6.00000000    
   4.77828598       7.00000000    
   4.76354313       8.00000000    
   4.74876690       9.00000000    
   4.73426247       10.0000000    
   4.71990585       11.0000000    
   4.70568037       12.0000000    
   4.69185495       13.0000000    
   4.67799377       14.0000000    
   4.66476679       15.0000000    
   4.65154648       16.0000000    
   4.63876390       17.0000000    
   4.62627983       18.0000000    
   4.61397648       19.0000000    
   4.60228920       20.0000000    
   4.59061289       21.0000000    
   4.57971668       22.0000000    
   4.56888390       23.0000000    
   4.55852365       24.0000000    
   4.54863739       25.0000000    
   4.53886604       26.0000000    
   4.52989149       27.0000000    
   4.52090025       28.0000000    
   4.51271296       29.0000000    
   4.50464725       30.0000000    
   4.49707222       31.0000000    
   4.48994207       32.0000000    
   4.48298502       33.0000000    
   4.47675371       34.0000000    
   4.47055864       35.0000000    
   4.46504498       36.0000000    
   4.45963812       37.0000000    
   4.45440960       38.0000000    
   4.44913292       39.0000000    
   4.44281483       40.0000000    
   4.43577194       41.0000000    
   4.42709255       42.0000000    
   4.41789103       43.0000000    
   4.40701771       44.0000000    
   4.39511442       45.0000000    
   4.38306570       46.0000000    
   4.36952209       47.0000000    
   4.35723019       48.0000000    
   4.34392548       49.0000000    
   4.33724451       50.0000000    
   4.33205032       51.0000000    
   4.32720232       52.0000000    
   4.32283211       53.0000000    
   4.31884718       54.0000000    
   4.31526327       55.0000000    
   4.31209278       56.0000000    
   4.30923223       57.0000000    
   4.30680847       58.0000000    
   4.30459356       59.0000000    
   4.30259228       60.0000000    
   4.30104876       61.0000000    
   4.29961061       62.0000000    
   4.29863977       63.0000000    
   4.29777956       64.0000000    
   4.29715395       65.0000000    
   4.29676390       66.0000000    
   4.29661179       67.0000000    
   4.29657793       68.0000000    
   4.29678488       69.0000000    
   4.29723406       70.0000000    
   4.29780388       71.0000000    
   4.29849529       72.0000000    
   4.29918528       73.0000000    
   4.30024242       74.0000000    
   4.30117607       75.0000000    
   4.30235529       76.0000000    
   4.30365705       77.0000000    
   4.30495834       78.0000000    
   4.30650520       79.0000000    
   4.30792904       80.0000000    
   4.30959749       81.0000000    
   4.31126595       82.0000000    
   4.31305742       83.0000000    
   4.31472445       84.0000000    
   4.31663704       85.0000000    
   4.31854916       86.0000000    
   4.32046032       87.0000000    
   4.32249308       88.0000000    
   4.32440233       89.0000000    
   4.32655573       90.0000000    
   4.32858562       91.0000000    
   4.33073616       92.0000000    
   4.33288574       93.0000000    
   4.33538723       94.0000000    
   4.34044600       95.0000000    
   4.34573460       96.0000000    
   4.35096312       97.0000000    
   4.35585403       98.0000000    
   4.36096621       99.0000000    
   4.36601830       100.000000    
   4.37128019       101.000000    
   4.37620831       102.000000    
   4.38107824       103.000000    
   4.38588715       104.000000    
   4.39089346       105.000000    
   4.39557981       106.000000    
   4.40045643       107.000000    
   4.40526724       108.000000    
   4.40976858       109.000000    
   4.41445065       110.000000    
   4.41906738       111.000000    
   4.42361927       112.000000    
   4.42787647       113.000000    
   4.43230295       114.000000    
   4.43666363       115.000000    
   4.44096088       116.000000    
   4.44519472       117.000000    
   4.44936562       118.000000    
   4.45347452       119.000000    
   4.45752192       120.000000    
   4.46130753       121.000000    
   4.46523666       122.000000    
   4.46910572       123.000000    
   4.47291660       124.000000    
   4.47666740       125.000000    
   4.48036146       126.000000    
   4.48399830       127.000000    
   4.48757887       128.000000    
   4.49110508       129.000000    
   4.49457645       130.000000    
   4.49799395       131.000000    
   4.50135946       132.000000    
   4.50467348       133.000000    
   4.50814533       134.000000    
   4.51165247       135.000000    
   4.51507902       136.000000    
   4.51843023       137.000000    
   4.52170658       138.000000    
   4.52491283       139.000000    
   4.52805090       140.000000    
   4.53112316       141.000000    
   4.53413296       142.000000    
   4.53708267       143.000000    
   4.53997326       144.000000    
   4.54280996       145.000000    
   4.54559326       146.000000    
   4.54832554       147.000000    
   4.55100965       148.000000    
   4.55364752       149.000000    
   4.55624056       150.000000    
