   2.00000009E-03   0.00000000    
   2.00000009E-03   1.00000000    
   2.00000009E-03   2.00000000    
   2.00000009E-03   3.00000000    
   2.00000009E-03   4.00000000    
   2.00000009E-03   5.00000000    
   2.00000009E-03   6.00000000    
   2.00000009E-03   7.00000000    
   2.00000009E-03   8.00000000    
   2.00000009E-03   9.00000000    
   2.00000009E-03   10.0000000    
   2.00000009E-03   11.0000000    
   2.00000009E-03   12.0000000    
   2.00000009E-03   13.0000000    
   2.00000009E-03   14.0000000    
   2.00000009E-03   15.0000000    
   2.00000009E-03   16.0000000    
   2.00000009E-03   17.0000000    
   2.00000009E-03   18.0000000    
   2.00000009E-03   19.0000000    
   2.00000009E-03   20.0000000    
   2.00000009E-03   21.0000000    
   2.00000009E-03   22.0000000    
   2.00000009E-03   23.0000000    
   2.00000009E-03   24.0000000    
   2.00000009E-03   25.0000000    
   2.00000009E-03   26.0000000    
   2.00000009E-03   27.0000000    
   2.00000009E-03   28.0000000    
   2.00000009E-03   29.0000000    
   2.00000009E-03   30.0000000    
   2.00000009E-03   31.0000000    
   2.83081434E-03   32.0000000    
   4.27193241E-03   33.0000000    
   5.74139552E-03   34.0000000    
   7.02434126E-03   35.0000000    
   8.22397042E-03   36.0000000    
   9.31404624E-03   37.0000000    
   1.02622285E-02   38.0000000    
   1.10704685E-02   39.0000000    
   1.17498497E-02   40.0000000    
   1.22924261E-02   41.0000000    
   1.26930363E-02   42.0000000    
   1.29734036E-02   43.0000000    
   1.31819909E-02   44.0000000    
   1.32676158E-02   45.0000000    
   1.33050261E-02   46.0000000    
   1.32435327E-02   47.0000000    
   1.31081883E-02   48.0000000    
   1.29241999E-02   49.0000000    
   1.27168261E-02   50.0000000    
   1.24611435E-02   51.0000000    
   1.21825822E-02   52.0000000    
   1.18814763E-02   53.0000000    
   1.15583213E-02   54.0000000    
   1.12382090E-02   55.0000000    
   1.09214382E-02   56.0000000    
   1.05837854E-02   57.0000000    
   1.02501800E-02   58.0000000    
   9.89684928E-03   59.0000000    
   9.57216881E-03   60.0000000    
   9.15396493E-03   61.0000000    
   8.67462438E-03   62.0000000    
   8.18494149E-03   63.0000000    
   7.74200726E-03   64.0000000    
   7.29038427E-03   65.0000000    
   6.88309781E-03   66.0000000    
   6.46847719E-03   67.0000000    
   6.04925258E-03   68.0000000    
   5.67249535E-03   69.0000000    
   5.29239001E-03   70.0000000    
   2.07464136E-02   71.0000000    
   2.07546838E-02   72.0000000    
   2.07549389E-02   73.0000000    
   2.07551848E-02   74.0000000    
   2.07394417E-02   75.0000000    
   2.07157191E-02   76.0000000    
   2.06840113E-02   77.0000000    
   2.06443612E-02   78.0000000    
   2.06047501E-02   79.0000000    
   2.05571912E-02   80.0000000    
   2.05096714E-02   81.0000000    
   2.04622112E-02   82.0000000    
   2.04068385E-02   83.0000000    
   2.03515086E-02   84.0000000    
   2.02962514E-02   85.0000000    
   2.02330928E-02   86.0000000    
   2.01779567E-02   87.0000000    
   2.01149285E-02   88.0000000    
   2.00599059E-02   89.0000000    
   1.99970063E-02   90.0000000    
   1.99341886E-02   91.0000000    
   1.98714305E-02   92.0000000    
   1.98087469E-02   93.0000000    
   1.97540428E-02   94.0000000    
   1.96915008E-02   95.0000000    
   1.96290258E-02   96.0000000    
   1.95666254E-02   97.0000000    
   1.95042975E-02   98.0000000    
   1.94420461E-02   99.0000000    
   1.93798635E-02   100.000000    
   1.93177592E-02   101.000000    
   1.92557313E-02   102.000000    
   1.91937778E-02   103.000000    
   1.91319045E-02   104.000000    
   1.90701019E-02   105.000000    
   1.90083832E-02   106.000000    
   1.89467333E-02   107.000000    
   1.88851655E-02   108.000000    
   1.88236758E-02   109.000000    
   1.87622681E-02   110.000000    
   1.87009387E-02   111.000000    
   1.86396893E-02   112.000000    
   1.85785219E-02   113.000000    
   1.85174309E-02   114.000000    
   1.84564237E-02   115.000000    
   1.83955040E-02   116.000000    
   1.83346607E-02   117.000000    
   1.82738993E-02   118.000000    
   1.82132237E-02   119.000000    
   1.81526337E-02   120.000000    
   1.80921238E-02   121.000000    
   1.80317033E-02   122.000000    
   1.79713648E-02   123.000000    
   1.79111157E-02   124.000000    
   1.78509504E-02   125.000000    
   1.77908726E-02   126.000000    
   1.77308805E-02   127.000000    
   1.76709760E-02   128.000000    
   1.76111553E-02   129.000000    
   1.75514296E-02   130.000000    
   1.74917877E-02   131.000000    
   1.74322426E-02   132.000000    
   1.71735007E-02   133.000000    
   1.66746303E-02   134.000000    
   1.61746871E-02   135.000000    
   1.56742837E-02   136.000000    
   1.51739530E-02   137.000000    
   1.46743366E-02   138.000000    
   1.41760223E-02   139.000000    
   1.36796199E-02   140.000000    
   1.31857358E-02   141.000000    
   1.26950210E-02   142.000000    
   1.22080566E-02   143.000000    
   1.17254760E-02   144.000000    
   1.12479450E-02   145.000000    
   1.07759973E-02   146.000000    
   1.03103016E-02   147.000000    
   9.85141005E-03   148.000000    
   9.39994119E-03   149.000000    
   8.95643607E-03   150.000000    
