   2.00000009E-03   0.00000000    
   2.00000009E-03   1.00000000    
   2.00000009E-03   2.00000000    
   2.00000009E-03   3.00000000    
   2.00000009E-03   4.00000000    
   2.00000009E-03   5.00000000    
   2.00000009E-03   6.00000000    
   2.00000009E-03   7.00000000    
   2.00000009E-03   8.00000000    
   2.00000009E-03   9.00000000    
   2.00000009E-03   10.0000000    
   2.00000009E-03   11.0000000    
   2.00000009E-03   12.0000000    
   2.00000009E-03   13.0000000    
   2.00000009E-03   14.0000000    
   2.00000009E-03   15.0000000    
   2.00000009E-03   16.0000000    
   2.00000009E-03   17.0000000    
   2.00000009E-03   18.0000000    
   2.00000009E-03   19.0000000    
   2.00000009E-03   20.0000000    
   2.00000009E-03   21.0000000    
   2.00000009E-03   22.0000000    
   2.00000009E-03   23.0000000    
   2.00000009E-03   24.0000000    
   2.00000009E-03   25.0000000    
   2.00000009E-03   26.0000000    
   2.00000009E-03   27.0000000    
   2.00000009E-03   28.0000000    
   2.00000009E-03   29.0000000    
   2.00000009E-03   30.0000000    
   2.00000009E-03   31.0000000    
   2.00000009E-03   32.0000000    
   2.00000009E-03   33.0000000    
   2.00000009E-03   34.0000000    
   2.00000009E-03   35.0000000    
   2.00000009E-03   36.0000000    
   2.00000009E-03   37.0000000    
   2.00000009E-03   38.0000000    
   2.00000009E-03   39.0000000    
   2.00000009E-03   40.0000000    
   2.00000009E-03   41.0000000    
   2.00000009E-03   42.0000000    
   2.00000009E-03   43.0000000    
   2.00000009E-03   44.0000000    
   2.00000009E-03   45.0000000    
   2.00000009E-03   46.0000000    
   2.00000009E-03   47.0000000    
   2.00000009E-03   48.0000000    
   2.00000009E-03   49.0000000    
   2.00000009E-03   50.0000000    
   2.00000009E-03   51.0000000    
   2.00000009E-03   52.0000000    
   2.13822629E-03   53.0000000    
   2.46896199E-03   54.0000000    
   2.78114993E-03   55.0000000    
   3.06220679E-03   56.0000000    
   3.31652490E-03   57.0000000    
   3.52047640E-03   58.0000000    
   3.70006496E-03   59.0000000    
   3.85206519E-03   60.0000000    
   3.93850636E-03   61.0000000    
   4.00964217E-03   62.0000000    
   4.01129667E-03   63.0000000    
   3.99656780E-03   64.0000000    
   3.94811761E-03   65.0000000    
   3.86686367E-03   66.0000000    
   3.75440274E-03   67.0000000    
   3.62936198E-03   68.0000000    
   3.47681902E-03   69.0000000    
   3.29975598E-03   70.0000000    
   1.99134462E-02   71.0000000    
   1.99620705E-02   72.0000000    
   2.00106725E-02   73.0000000    
   2.00352389E-02   74.0000000    
   2.00677961E-02   75.0000000    
   2.00843439E-02   76.0000000    
   2.00928822E-02   77.0000000    
   2.01014150E-02   78.0000000    
   2.00939979E-02   79.0000000    
   2.00945530E-02   80.0000000    
   2.00791862E-02   81.0000000    
   2.00638250E-02   82.0000000    
   2.00405214E-02   83.0000000    
   2.00251862E-02   84.0000000    
   1.99939758E-02   85.0000000    
   1.99627951E-02   86.0000000    
   1.99316368E-02   87.0000000    
   1.98925789E-02   88.0000000    
   1.98614970E-02   89.0000000    
   1.98145919E-02   90.0000000    
   1.97756588E-02   91.0000000    
   1.97288375E-02   92.0000000    
   1.96820926E-02   93.0000000    
   1.96353868E-02   94.0000000    
   1.95887182E-02   95.0000000    
   1.95342302E-02   96.0000000    
   1.94797851E-02   97.0000000    
   1.94332916E-02   98.0000000    
   1.93789657E-02   99.0000000    
   1.93247236E-02   100.000000    
   1.92626603E-02   101.000000    
   1.92085300E-02   102.000000    
   1.91544741E-02   103.000000    
   1.91004779E-02   104.000000    
   1.90387014E-02   105.000000    
   1.89848468E-02   106.000000    
   1.89232267E-02   107.000000    
   1.88616738E-02   108.000000    
   1.88080408E-02   109.000000    
   1.87466405E-02   110.000000    
   1.86853241E-02   111.000000    
   1.86240859E-02   112.000000    
   1.85707267E-02   113.000000    
   1.85096450E-02   114.000000    
   1.84486434E-02   115.000000    
   1.83877274E-02   116.000000    
   1.83268916E-02   117.000000    
   1.82661414E-02   118.000000    
   1.82054751E-02   119.000000    
   1.81448888E-02   120.000000    
   1.80921238E-02   121.000000    
   1.80317033E-02   122.000000    
   1.79713648E-02   123.000000    
   1.79111157E-02   124.000000    
   1.78509504E-02   125.000000    
   1.77908726E-02   126.000000    
   1.77308805E-02   127.000000    
   1.76709760E-02   128.000000    
   1.76111553E-02   129.000000    
   1.75514296E-02   130.000000    
   1.74917877E-02   131.000000    
   1.74322426E-02   132.000000    
   1.71735007E-02   133.000000    
   1.66746303E-02   134.000000    
   1.61746871E-02   135.000000    
   1.56742837E-02   136.000000    
   1.51739530E-02   137.000000    
   1.46743366E-02   138.000000    
   1.41760223E-02   139.000000    
   1.36796199E-02   140.000000    
   1.31857358E-02   141.000000    
   1.26950210E-02   142.000000    
   1.22080566E-02   143.000000    
   1.17254760E-02   144.000000    
   1.12479450E-02   145.000000    
   1.07759973E-02   146.000000    
   1.03103016E-02   147.000000    
   9.85141005E-03   148.000000    
   9.39994119E-03   149.000000    
   8.95643607E-03   150.000000    
