   4.58775663       0.00000000    
   4.54867125       1.00000000    
   4.51022005       2.00000000    
   4.47258043       3.00000000    
   4.43591356       4.00000000    
   4.40061378       5.00000000    
   4.36727190       6.00000000    
   4.33631134       7.00000000    
   4.30831480       8.00000000    
   4.28297234       9.00000000    
   4.26028109       10.0000000    
   4.24028349       11.0000000    
   4.22282171       12.0000000    
   4.20784807       13.0000000    
   4.19530201       14.0000000    
   4.18486452       15.0000000    
   4.17599535       16.0000000    
   4.16767120       17.0000000    
   4.15770626       18.0000000    
   4.14444256       19.0000000    
   4.13034248       20.0000000    
   4.11676788       21.0000000    
   4.10454893       22.0000000    
   4.09418201       23.0000000    
   4.08543444       24.0000000    
   4.07877445       25.0000000    
   4.07385159       26.0000000    
   4.07061911       27.0000000    
   4.06871510       28.0000000    
   4.06771708       29.0000000    
   4.06741047       30.0000000    
   4.06756687       31.0000000    
   4.06819105       32.0000000    
   4.06879902       33.0000000    
   4.06938839       34.0000000    
   4.07020712       35.0000000    
   4.07125807       36.0000000    
   4.07204390       37.0000000    
   4.07306147       38.0000000    
   4.07381487       39.0000000    
   4.07455015       40.0000000    
   4.07551908       41.0000000    
   4.07622051       42.0000000    
   4.07715654       43.0000000    
   4.07782316       44.0000000    
   4.07872581       45.0000000    
   4.07935762       46.0000000    
   4.08022594       47.0000000    
   4.08082199       48.0000000    
   4.08165598       49.0000000    
   4.08221674       50.0000000    
   4.08301497       51.0000000    
   4.08379650       52.0000000    
   4.08456087       53.0000000    
   4.08504868       54.0000000    
   4.08577681       55.0000000    
   4.08648729       56.0000000    
   4.08744049       57.0000000    
   4.08811569       58.0000000    
   4.08877230       59.0000000    
   4.08967400       60.0000000    
   4.09029484       61.0000000    
   4.09116125       62.0000000    
   4.09201002       63.0000000    
   4.09284163       64.0000000    
   4.09392023       65.0000000    
   4.09498310       66.0000000    
   4.09602833       67.0000000    
   4.09705687       68.0000000    
   4.09833431       69.0000000    
   4.08686543       70.0000000    
   4.08816290       71.0000000    
   4.08946037       72.0000000    
   4.09086990       73.0000000    
   4.09250593       74.0000000    
   4.09436893       75.0000000    
   4.09645700       76.0000000    
   4.09865808       77.0000000    
   4.10085773       78.0000000    
   4.10316896       79.0000000    
   4.10559177       80.0000000    
   4.10789919       81.0000000    
   4.11031866       82.0000000    
   4.11273527       83.0000000    
   4.11503887       84.0000000    
   4.11745262       85.0000000    
   4.11986494       86.0000000    
   4.12227488       87.0000000    
   4.12468338       88.0000000    
   4.12709045       89.0000000    
   4.12949514       90.0000000    
   4.13189745       91.0000000    
   4.13429832       92.0000000    
   4.13669777       93.0000000    
   4.13909531       94.0000000    
   4.14149094       95.0000000    
   4.14388466       96.0000000    
   4.14627695       97.0000000    
   4.14866686       98.0000000    
   4.15105486       99.0000000    
   4.15344191       100.000000    
   4.15582609       101.000000    
   4.15820885       102.000000    
   4.16059017       103.000000    
   4.16296911       104.000000    
   4.16534662       105.000000    
   4.16772223       106.000000    
   4.17009592       107.000000    
   4.17246771       108.000000    
   4.17737865       109.000000    
   4.18251896       110.000000    
   4.18760109       111.000000    
   4.19262314       112.000000    
   4.19758654       113.000000    
   4.20249033       114.000000    
   4.20733547       115.000000    
   4.21212053       116.000000    
   4.21684742       117.000000    
   4.22151566       118.000000    
   4.22612476       119.000000    
   4.23067522       120.000000    
   4.23516750       121.000000    
   4.23960114       122.000000    
   4.24397755       123.000000    
   4.24829578       124.000000    
   4.25255680       125.000000    
   4.25676107       126.000000    
   4.26090956       127.000000    
   4.26500082       128.000000    
   4.26903725       129.000000    
   4.27301788       130.000000    
   4.27694416       131.000000    
   4.28081656       132.000000    
   4.28463507       133.000000    
   4.28840065       134.000000    
   4.29211426       135.000000    
   4.29577494       136.000000    
   4.29938602       137.000000    
   4.30294561       138.000000    
   4.30645609       139.000000    
   4.30991745       140.000000    
   4.31333065       141.000000    
   4.31669569       142.000000    
   4.32001448       143.000000    
   4.32328796       144.000000    
   4.32651615       145.000000    
   4.32969856       146.000000    
   4.33283901       147.000000    
   4.33593655       148.000000    
   4.33899164       149.000000    
   4.34207344       150.000000    
