   1235.69995       0.00000000    
   1239.86267       1.00000000    
   1244.01538       2.00000000    
   1248.15796       3.00000000    
   1252.29077       4.00000000    
   1256.41333       5.00000000    
   1260.52588       6.00000000    
   1264.62842       7.00000000    
   1268.72083       8.00000000    
   1272.80334       9.00000000    
   1276.87585       10.0000000    
   1278.43823       11.0000000    
   1279.99060       12.0000000    
   1281.53296       13.0000000    
   1283.06531       14.0000000    
   1284.58752       15.0000000    
   1286.09985       16.0000000    
   1287.60217       17.0000000    
   1289.09436       18.0000000    
   1290.57642       19.0000000    
   1292.04858       20.0000000    
   1293.51062       21.0000000    
   1294.96289       22.0000000    
   1296.40491       23.0000000    
   1297.83679       24.0000000    
   1299.25879       25.0000000    
   1300.67078       26.0000000    
   1302.07263       27.0000000    
   1303.46448       28.0000000    
   1304.84644       29.0000000    
   1306.21826       30.0000000    
   1307.58008       31.0000000    
   1308.93176       32.0000000    
   1310.27344       33.0000000    
   1311.60522       34.0000000    
   1312.92700       35.0000000    
   1314.23853       36.0000000    
   1315.54016       37.0000000    
   1316.83167       38.0000000    
   1318.11328       39.0000000    
   1319.38477       40.0000000    
   1320.64624       41.0000000    
   1321.89771       42.0000000    
   1323.13916       43.0000000    
   1324.37048       44.0000000    
   1325.59180       45.0000000    
   1326.80310       46.0000000    
   1328.00452       47.0000000    
   1329.19580       48.0000000    
   1330.37695       49.0000000    
   1331.54822       50.0000000    
   1332.70935       51.0000000    
   1333.86047       52.0000000    
   1335.00159       53.0000000    
   1336.13257       54.0000000    
   1337.25378       55.0000000    
   1338.36475       56.0000000    
   1339.46570       57.0000000    
   1340.55664       58.0000000    
   1341.63757       59.0000000    
   1342.70850       60.0000000    
   1343.76941       61.0000000    
   1344.82019       62.0000000    
   1345.86096       63.0000000    
   1346.89172       64.0000000    
   1347.91235       65.0000000    
   1348.92310       66.0000000    
   1349.92383       67.0000000    
   1350.91431       68.0000000    
   1351.89502       69.0000000    
   1352.86560       70.0000000    
   1356.32617       71.0000000    
   1359.77673       72.0000000    
   1363.21716       73.0000000    
   1366.64771       74.0000000    
   1370.06799       75.0000000    
   1373.47839       76.0000000    
   1376.87878       77.0000000    
   1380.26904       78.0000000    
   1383.64941       79.0000000    
   1387.01953       80.0000000    
   1390.37988       81.0000000    
   1393.73010       82.0000000    
   1397.07031       83.0000000    
   1400.40051       84.0000000    
   1403.72058       85.0000000    
   1407.03064       86.0000000    
   1410.33069       87.0000000    
   1413.62061       88.0000000    
   1416.90063       89.0000000    
   1420.17053       90.0000000    
   1423.43042       91.0000000    
   1426.68030       92.0000000    
   1429.92029       93.0000000    
   1433.15015       94.0000000    
   1436.36987       95.0000000    
   1439.57959       96.0000000    
   1442.77930       97.0000000    
   1445.96912       98.0000000    
   1449.14880       99.0000000    
   1452.31848       100.000000    
   1455.47803       101.000000    
   1458.62756       102.000000    
   1461.76709       103.000000    
   1464.89673       104.000000    
   1468.01611       105.000000    
   1471.12561       106.000000    
   1474.22510       107.000000    
   1477.31445       108.000000    
   1480.39380       109.000000    
   1483.46301       110.000000    
   1486.52246       111.000000    
   1489.57166       112.000000    
   1492.61096       113.000000    
   1495.64014       114.000000    
   1498.65930       115.000000    
   1501.66833       116.000000    
   1504.66748       117.000000    
   1507.65662       118.000000    
   1510.63562       119.000000    
   1513.60474       120.000000    
   1516.56360       121.000000    
   1519.51257       122.000000    
   1522.45166       123.000000    
   1525.38049       124.000000    
   1528.29932       125.000000    
   1531.20813       126.000000    
   1534.10693       127.000000    
   1536.99561       128.000000    
   1539.87439       129.000000    
   1542.74304       130.000000    
   1545.60168       131.000000    
   1548.45044       132.000000    
   1551.28918       133.000000    
   1554.11768       134.000000    
   1556.93628       135.000000    
   1559.74463       136.000000    
   1562.54321       137.000000    
   1565.33167       138.000000    
   1568.11011       139.000000    
   1570.87842       140.000000    
   1573.63684       141.000000    
   1576.38513       142.000000    
   1579.12341       143.000000    
   1581.85181       144.000000    
   1584.56995       145.000000    
   1587.27820       146.000000    
   1589.97632       147.000000    
   1592.66455       148.000000    
   1595.34265       149.000000    
   1598.01074       150.000000    
   1600.66870       151.000000    
   1603.31677       152.000000    
   1605.95471       153.000000    
   1608.58276       154.000000    
   1611.20068       155.000000    
   1613.80847       156.000000    
   1616.40637       157.000000    
   1618.99426       158.000000    
   1621.57202       159.000000    
   1624.13977       160.000000    
   1626.69751       161.000000    
   1629.24524       162.000000    
   1631.78296       163.000000    
   1634.31055       164.000000    
   1636.82812       165.000000    
   1639.33569       166.000000    
   1641.83325       167.000000    
   1644.32092       168.000000    
   1646.79822       169.000000    
   1649.26575       170.000000    
   1651.72314       171.000000    
   1654.17065       172.000000    
   1656.60803       173.000000    
   1659.03528       174.000000    
   1661.45264       175.000000    
   1663.85986       176.000000    
   1666.25708       177.000000    
   1668.64429       178.000000    
   1671.02148       179.000000    
   1673.38867       180.000000    
   1675.74573       181.000000    
   1678.09277       182.000000    
   1680.42993       183.000000    
   1682.75696       184.000000    
   1685.07385       185.000000    
   1687.38086       186.000000    
   1689.67786       187.000000    
   1691.96472       188.000000    
   1694.24158       189.000000    
   1696.50842       190.000000    
   1698.76514       191.000000    
   1701.01196       192.000000    
   1703.24878       193.000000    
   1705.47534       194.000000    
   1707.69202       195.000000    
   1709.89868       196.000000    
   1712.09546       197.000000    
   1714.28198       198.000000    
   1716.45850       199.000000    
