   1235.69995       0.00000000    
   1239.86267       1.00000000    
   1244.01538       2.00000000    
   1248.15796       3.00000000    
   1252.29077       4.00000000    
   1256.41333       5.00000000    
   1260.52588       6.00000000    
   1264.62842       7.00000000    
   1268.72083       8.00000000    
   1272.80334       9.00000000    
   1276.87585       10.0000000    
   1278.43823       11.0000000    
   1279.99060       12.0000000    
   1281.53296       13.0000000    
   1283.06531       14.0000000    
   1284.58752       15.0000000    
   1286.09985       16.0000000    
   1287.60217       17.0000000    
   1289.09436       18.0000000    
   1290.57642       19.0000000    
   1292.04858       20.0000000    
   1293.51062       21.0000000    
   1294.96289       22.0000000    
   1296.40491       23.0000000    
   1297.83679       24.0000000    
   1299.25879       25.0000000    
   1300.67078       26.0000000    
   1302.07263       27.0000000    
   1303.46448       28.0000000    
   1304.84644       29.0000000    
   1306.21826       30.0000000    
   1307.58008       31.0000000    
   1308.93176       32.0000000    
   1310.27344       33.0000000    
   1311.60522       34.0000000    
   1312.92700       35.0000000    
   1314.23853       36.0000000    
   1315.54016       37.0000000    
   1316.83167       38.0000000    
   1318.11328       39.0000000    
   1319.38477       40.0000000    
   1320.64624       41.0000000    
   1321.89771       42.0000000    
   1323.13916       43.0000000    
   1324.37048       44.0000000    
   1325.59180       45.0000000    
   1326.80310       46.0000000    
   1328.00452       47.0000000    
   1329.19580       48.0000000    
   1330.37695       49.0000000    
   1331.54822       50.0000000    
   1332.70935       51.0000000    
   1333.86047       52.0000000    
   1335.00159       53.0000000    
   1336.13257       54.0000000    
   1337.25378       55.0000000    
   1338.36475       56.0000000    
   1339.46570       57.0000000    
   1340.55664       58.0000000    
   1341.63757       59.0000000    
   1342.70850       60.0000000    
   1343.76941       61.0000000    
   1344.82019       62.0000000    
   1345.86096       63.0000000    
   1346.89172       64.0000000    
   1347.91235       65.0000000    
   1348.92310       66.0000000    
   1349.92383       67.0000000    
   1350.91431       68.0000000    
   1351.89502       69.0000000    
   1272.86560       70.0000000    
   1275.07617       71.0000000    
   1277.27673       72.0000000    
   1279.46716       73.0000000    
   1281.64771       74.0000000    
   1283.81799       75.0000000    
   1285.97839       76.0000000    
   1288.12878       77.0000000    
   1290.26904       78.0000000    
   1292.39941       79.0000000    
   1294.51953       80.0000000    
   1296.62988       81.0000000    
   1298.73010       82.0000000    
   1300.82031       83.0000000    
   1302.90051       84.0000000    
   1304.97058       85.0000000    
   1307.03064       86.0000000    
   1309.08069       87.0000000    
   1311.12061       88.0000000    
   1313.15063       89.0000000    
   1315.17053       90.0000000    
   1317.18042       91.0000000    
   1319.18030       92.0000000    
   1321.17029       93.0000000    
   1323.15015       94.0000000    
   1325.11987       95.0000000    
   1327.07959       96.0000000    
   1329.02930       97.0000000    
   1330.96912       98.0000000    
   1332.89880       99.0000000    
   1334.81848       100.000000    
   1336.72803       101.000000    
   1338.62756       102.000000    
   1340.51709       103.000000    
   1342.39673       104.000000    
   1344.26611       105.000000    
   1346.12561       106.000000    
   1347.97510       107.000000    
   1349.81445       108.000000    
   1351.64380       109.000000    
   1353.46301       110.000000    
   1355.27246       111.000000    
   1357.07166       112.000000    
   1358.86096       113.000000    
   1360.64014       114.000000    
   1362.40930       115.000000    
   1364.16833       116.000000    
   1365.91748       117.000000    
   1367.65662       118.000000    
   1369.38562       119.000000    
   1371.10474       120.000000    
   1372.81360       121.000000    
   1374.51257       122.000000    
   1376.20166       123.000000    
   1377.88049       124.000000    
   1379.54932       125.000000    
   1381.20813       126.000000    
   1382.85693       127.000000    
   1384.49561       128.000000    
   1386.12439       129.000000    
   1387.74304       130.000000    
   1389.35168       131.000000    
   1390.95044       132.000000    
   1392.53918       133.000000    
   1394.11768       134.000000    
   1395.68628       135.000000    
   1397.24463       136.000000    
   1398.79321       137.000000    
   1400.33167       138.000000    
   1401.86011       139.000000    
   1403.37842       140.000000    
   1404.88684       141.000000    
   1406.38513       142.000000    
   1407.87341       143.000000    
   1409.35181       144.000000    
   1410.81995       145.000000    
   1412.27820       146.000000    
   1413.72632       147.000000    
   1415.16455       148.000000    
   1416.59265       149.000000    
   1418.01074       150.000000    
   1419.41870       151.000000    
   1420.81677       152.000000    
   1422.20471       153.000000    
   1423.58276       154.000000    
   1424.95068       155.000000    
   1426.30847       156.000000    
   1427.65637       157.000000    
   1428.99426       158.000000    
   1430.32202       159.000000    
   1431.63977       160.000000    
   1432.94751       161.000000    
   1434.24524       162.000000    
   1435.53296       163.000000    
   1436.81055       164.000000    
   1438.07812       165.000000    
   1439.33569       166.000000    
   1440.58325       167.000000    
   1441.82092       168.000000    
   1443.04822       169.000000    
   1444.26575       170.000000    
   1445.47314       171.000000    
   1446.67065       172.000000    
   1447.85803       173.000000    
   1449.03528       174.000000    
   1450.20264       175.000000    
   1451.35986       176.000000    
   1452.50708       177.000000    
   1453.64429       178.000000    
   1454.77148       179.000000    
   1455.88867       180.000000    
   1456.99573       181.000000    
   1458.09277       182.000000    
   1459.17993       183.000000    
   1460.25696       184.000000    
   1461.32385       185.000000    
   1462.38086       186.000000    
   1463.42786       187.000000    
   1464.46472       188.000000    
   1465.49158       189.000000    
   1466.50842       190.000000    
   1467.51514       191.000000    
   1468.51196       192.000000    
   1469.49878       193.000000    
   1470.47534       194.000000    
   1471.44202       195.000000    
   1472.39868       196.000000    
   1473.34546       197.000000    
   1474.28198       198.000000    
   1475.20850       199.000000    
