   1165.69995       0.00000000    
   1169.86267       1.00000000    
   1174.01538       2.00000000    
   1178.15796       3.00000000    
   1182.29077       4.00000000    
   1186.41333       5.00000000    
   1190.52588       6.00000000    
   1194.62842       7.00000000    
   1198.72083       8.00000000    
   1202.80334       9.00000000    
   1206.87585       10.0000000    
   1210.93823       11.0000000    
   1214.99060       12.0000000    
   1219.03296       13.0000000    
   1223.06531       14.0000000    
   1227.08752       15.0000000    
   1231.09985       16.0000000    
   1235.10217       17.0000000    
   1239.09436       18.0000000    
   1243.07642       19.0000000    
   1247.04858       20.0000000    
   1251.01062       21.0000000    
   1254.96289       22.0000000    
   1258.90491       23.0000000    
   1262.83679       24.0000000    
   1266.75879       25.0000000    
   1270.67078       26.0000000    
   1274.57263       27.0000000    
   1278.46448       28.0000000    
   1282.34644       29.0000000    
   1286.21826       30.0000000    
   1290.08008       31.0000000    
   1293.93176       32.0000000    
   1297.77344       33.0000000    
   1301.60522       34.0000000    
   1305.42700       35.0000000    
   1309.23853       36.0000000    
   1313.04016       37.0000000    
   1316.83167       38.0000000    
   1320.61328       39.0000000    
   1324.38477       40.0000000    
   1328.14624       41.0000000    
   1331.89771       42.0000000    
   1335.63916       43.0000000    
   1339.37048       44.0000000    
   1343.09180       45.0000000    
   1346.80310       46.0000000    
   1350.50452       47.0000000    
   1354.19580       48.0000000    
   1357.87695       49.0000000    
   1361.54822       50.0000000    
   1365.20935       51.0000000    
   1368.86047       52.0000000    
   1372.50159       53.0000000    
   1376.13257       54.0000000    
   1379.75378       55.0000000    
   1383.36475       56.0000000    
   1386.96570       57.0000000    
   1390.55664       58.0000000    
   1394.13757       59.0000000    
   1397.70850       60.0000000    
   1401.26941       61.0000000    
   1404.82019       62.0000000    
   1408.36096       63.0000000    
   1411.89172       64.0000000    
   1415.41235       65.0000000    
   1418.92310       66.0000000    
   1422.42383       67.0000000    
   1425.91431       68.0000000    
   1429.39502       69.0000000    
   1432.86560       70.0000000    
   1156.32617       71.0000000    
   1159.77673       72.0000000    
   1163.21716       73.0000000    
   1166.64771       74.0000000    
   1170.06799       75.0000000    
   1173.47839       76.0000000    
   1176.87878       77.0000000    
   1180.26904       78.0000000    
   1183.64941       79.0000000    
   1187.01953       80.0000000    
   1190.37988       81.0000000    
   1193.73010       82.0000000    
   1197.07031       83.0000000    
   1200.40051       84.0000000    
   1203.72058       85.0000000    
   1207.03064       86.0000000    
   1210.33069       87.0000000    
   1213.62061       88.0000000    
   1216.90063       89.0000000    
   1220.17053       90.0000000    
   1223.43042       91.0000000    
   1226.68030       92.0000000    
   1229.92029       93.0000000    
   1233.15015       94.0000000    
   1236.36987       95.0000000    
   1239.57959       96.0000000    
   1242.77930       97.0000000    
   1245.96912       98.0000000    
   1249.14880       99.0000000    
   1252.31848       100.000000    
   1255.47803       101.000000    
   1258.62756       102.000000    
   1261.76709       103.000000    
   1264.89673       104.000000    
   1268.01611       105.000000    
   1271.12561       106.000000    
   1274.22510       107.000000    
   1277.31445       108.000000    
   1280.39380       109.000000    
   1283.46301       110.000000    
   1286.52246       111.000000    
   1289.57166       112.000000    
   1292.61096       113.000000    
   1295.64014       114.000000    
   1298.65930       115.000000    
   1301.66833       116.000000    
   1304.66748       117.000000    
   1307.65662       118.000000    
   1310.63562       119.000000    
   1313.60474       120.000000    
   1316.56360       121.000000    
   1319.51257       122.000000    
   1322.45166       123.000000    
   1325.38049       124.000000    
   1328.29932       125.000000    
   1331.20813       126.000000    
   1334.10693       127.000000    
   1336.99561       128.000000    
   1339.87439       129.000000    
   1342.74304       130.000000    
   1345.60168       131.000000    
   1348.45044       132.000000    
   1351.28918       133.000000    
   1354.11768       134.000000    
   1356.93628       135.000000    
   1359.74463       136.000000    
   1362.54321       137.000000    
   1365.33167       138.000000    
   1368.11011       139.000000    
   1370.87842       140.000000    
   1373.63684       141.000000    
   1376.38513       142.000000    
   1379.12341       143.000000    
   1381.85181       144.000000    
   1384.56995       145.000000    
   1387.27820       146.000000    
   1389.97632       147.000000    
   1392.66455       148.000000    
   1395.34265       149.000000    
   1398.01074       150.000000    
   1400.66870       151.000000    
   1403.31677       152.000000    
   1405.95471       153.000000    
   1408.58276       154.000000    
   1411.20068       155.000000    
   1413.80847       156.000000    
   1416.40637       157.000000    
   1418.99426       158.000000    
   1421.57202       159.000000    
   1424.13977       160.000000    
   1426.69751       161.000000    
   1429.24524       162.000000    
   1431.78296       163.000000    
   1434.31055       164.000000    
   1436.82812       165.000000    
   1439.33569       166.000000    
   1441.83325       167.000000    
   1444.32092       168.000000    
   1446.79822       169.000000    
   1449.26575       170.000000    
   1451.72314       171.000000    
   1454.17065       172.000000    
   1456.60803       173.000000    
   1459.03528       174.000000    
   1461.45264       175.000000    
   1463.85986       176.000000    
   1466.25708       177.000000    
   1468.64429       178.000000    
   1471.02148       179.000000    
   1473.38867       180.000000    
   1475.74573       181.000000    
   1478.09277       182.000000    
   1480.42993       183.000000    
   1482.75696       184.000000    
   1485.07385       185.000000    
   1487.38086       186.000000    
   1489.67786       187.000000    
   1491.96472       188.000000    
   1494.24158       189.000000    
   1496.50842       190.000000    
   1498.76514       191.000000    
   1501.01196       192.000000    
   1503.24878       193.000000    
   1505.47534       194.000000    
   1507.69202       195.000000    
   1509.89868       196.000000    
   1512.09546       197.000000    
   1514.28198       198.000000    
   1516.45850       199.000000    
