   1085.69995       0.00000000    
   1089.86267       1.00000000    
   1094.01538       2.00000000    
   1098.15796       3.00000000    
   1102.29077       4.00000000    
   1106.41333       5.00000000    
   1110.52588       6.00000000    
   1114.62842       7.00000000    
   1118.72083       8.00000000    
   1122.80334       9.00000000    
   1126.87585       10.0000000    
   1130.93823       11.0000000    
   1134.99060       12.0000000    
   1139.03296       13.0000000    
   1143.06531       14.0000000    
   1147.08752       15.0000000    
   1151.09985       16.0000000    
   1155.10217       17.0000000    
   1159.09436       18.0000000    
   1163.07642       19.0000000    
   1167.04858       20.0000000    
   1171.01062       21.0000000    
   1174.96289       22.0000000    
   1178.90491       23.0000000    
   1182.83679       24.0000000    
   1186.75879       25.0000000    
   1190.67078       26.0000000    
   1194.57263       27.0000000    
   1198.46448       28.0000000    
   1202.34644       29.0000000    
   1206.21826       30.0000000    
   1210.08008       31.0000000    
   1213.93176       32.0000000    
   1217.77344       33.0000000    
   1221.60522       34.0000000    
   1225.42700       35.0000000    
   1229.23853       36.0000000    
   1233.04016       37.0000000    
   1236.83167       38.0000000    
   1240.61328       39.0000000    
   1244.38477       40.0000000    
   1248.14624       41.0000000    
   1251.89771       42.0000000    
   1255.63916       43.0000000    
   1259.37048       44.0000000    
   1263.09180       45.0000000    
   1266.80310       46.0000000    
   1270.50452       47.0000000    
   1274.19580       48.0000000    
   1277.87695       49.0000000    
   1281.54822       50.0000000    
   1285.20935       51.0000000    
   1288.86047       52.0000000    
   1292.50159       53.0000000    
   1296.13257       54.0000000    
   1299.75378       55.0000000    
   1303.36475       56.0000000    
   1306.96570       57.0000000    
   1310.55664       58.0000000    
   1314.13757       59.0000000    
   1317.70850       60.0000000    
   1321.26941       61.0000000    
   1324.82019       62.0000000    
   1328.36096       63.0000000    
   1331.89172       64.0000000    
   1335.41235       65.0000000    
   1338.92310       66.0000000    
   1342.42383       67.0000000    
   1345.91431       68.0000000    
   1349.39502       69.0000000    
   1352.86560       70.0000000    
   956.326172       71.0000000    
   959.776733       72.0000000    
   963.217163       73.0000000    
   966.647705       74.0000000    
   970.067993       75.0000000    
   973.478394       76.0000000    
   976.878784       77.0000000    
   980.269043       78.0000000    
   983.649414       79.0000000    
   987.019531       80.0000000    
   990.379883       81.0000000    
   993.730103       82.0000000    
   997.070312       83.0000000    
   1000.40051       84.0000000    
   1003.72058       85.0000000    
   1007.03064       86.0000000    
   1010.33069       87.0000000    
   1013.62061       88.0000000    
   1016.90063       89.0000000    
   1020.17053       90.0000000    
   1023.43042       91.0000000    
   1026.68030       92.0000000    
   1029.92029       93.0000000    
   1033.15015       94.0000000    
   1036.36987       95.0000000    
   1039.57959       96.0000000    
   1042.77930       97.0000000    
   1045.96912       98.0000000    
   1049.14880       99.0000000    
   1052.31848       100.000000    
   1055.47803       101.000000    
   1058.62756       102.000000    
   1061.76709       103.000000    
   1064.89673       104.000000    
   1068.01611       105.000000    
   1071.12561       106.000000    
   1074.22510       107.000000    
   1077.31445       108.000000    
   1080.39380       109.000000    
   1083.46301       110.000000    
   1086.52246       111.000000    
   1089.57166       112.000000    
   1092.61096       113.000000    
   1095.64014       114.000000    
   1098.65930       115.000000    
   1101.66833       116.000000    
   1104.66748       117.000000    
   1107.65662       118.000000    
   1110.63562       119.000000    
   1113.60474       120.000000    
   1116.56360       121.000000    
   1119.51257       122.000000    
   1122.45166       123.000000    
   1125.38049       124.000000    
   1128.29932       125.000000    
   1131.20813       126.000000    
   1134.10693       127.000000    
   1136.99561       128.000000    
   1139.87439       129.000000    
   1142.74304       130.000000    
   1145.60168       131.000000    
   1148.45044       132.000000    
   1151.28918       133.000000    
   1154.11768       134.000000    
   1156.93628       135.000000    
   1159.74463       136.000000    
   1162.54321       137.000000    
   1165.33167       138.000000    
   1168.11011       139.000000    
   1170.87842       140.000000    
   1173.63684       141.000000    
   1176.38513       142.000000    
   1179.12341       143.000000    
   1181.85181       144.000000    
   1184.56995       145.000000    
   1187.27820       146.000000    
   1189.97632       147.000000    
   1192.66455       148.000000    
   1195.34265       149.000000    
   1198.01074       150.000000    
   1200.66870       151.000000    
   1203.31677       152.000000    
   1205.95471       153.000000    
   1208.58276       154.000000    
   1211.20068       155.000000    
   1213.80847       156.000000    
   1216.40637       157.000000    
   1218.99426       158.000000    
   1221.57202       159.000000    
   1224.13977       160.000000    
   1226.69751       161.000000    
   1229.24524       162.000000    
   1231.78296       163.000000    
   1234.31055       164.000000    
   1236.82812       165.000000    
   1239.33569       166.000000    
   1241.83325       167.000000    
   1244.32092       168.000000    
   1246.79822       169.000000    
   1249.26575       170.000000    
   1251.72314       171.000000    
   1254.17065       172.000000    
   1256.60803       173.000000    
   1259.03528       174.000000    
   1261.45264       175.000000    
   1263.85986       176.000000    
   1266.25708       177.000000    
   1268.64429       178.000000    
   1271.02148       179.000000    
   1273.38867       180.000000    
   1275.74573       181.000000    
   1278.09277       182.000000    
   1280.42993       183.000000    
   1282.75696       184.000000    
   1285.07385       185.000000    
   1287.38086       186.000000    
   1289.67786       187.000000    
   1291.96472       188.000000    
   1294.24158       189.000000    
   1296.50842       190.000000    
   1298.76514       191.000000    
   1301.01196       192.000000    
   1303.24878       193.000000    
   1305.47534       194.000000    
   1307.69202       195.000000    
   1309.89868       196.000000    
   1312.09546       197.000000    
   1314.28198       198.000000    
   1316.45850       199.000000    
