   4.58775663       0.00000000    
   4.54891872       1.00000000    
   4.51071978       2.00000000    
   4.47333527       3.00000000    
   4.43692827       4.00000000    
   4.40189314       5.00000000    
   4.36881876       6.00000000    
   4.33812904       7.00000000    
   4.31040525       8.00000000    
   4.28533792       9.00000000    
   4.26292324       10.0000000    
   4.24320364       11.0000000    
   4.22601938       12.0000000    
   4.21114349       13.0000000    
   4.19460154       14.0000000    
   4.16939020       15.0000000    
   4.13601875       16.0000000    
   4.12064886       17.0000000    
   4.10730743       18.0000000    
   4.09601402       19.0000000    
   4.08668375       20.0000000    
   4.07941341       21.0000000    
   4.07388592       22.0000000    
   4.06982040       23.0000000    
   4.06680679       24.0000000    
   4.06487417       25.0000000    
   4.06376505       26.0000000    
   4.06339741       27.0000000    
   4.06358957       28.0000000    
   4.06415701       29.0000000    
   4.06500673       30.0000000    
   4.06604433       31.0000000    
   4.06727171       32.0000000    
   4.06849718       33.0000000    
   4.06972170       34.0000000    
   4.07103968       35.0000000    
   4.07245302       36.0000000    
   4.07376862       37.0000000    
   4.07517958       38.0000000    
   4.07649326       39.0000000    
   4.07780552       40.0000000    
   4.07921267       41.0000000    
   4.08052301       42.0000000    
   4.08192825       43.0000000    
   4.08323622       44.0000000    
   4.08463907       45.0000000    
   4.08594465       46.0000000    
   4.08734512       47.0000000    
   4.08864832       48.0000000    
   4.09004641       49.0000000    
   4.09134769       50.0000000    
   4.09274387       51.0000000    
   4.09413862       52.0000000    
   4.09553289       53.0000000    
   4.09682941       54.0000000    
   4.09822130       55.0000000    
   4.09961271       56.0000000    
   4.10109949       57.0000000    
   4.10248852       58.0000000    
   4.10387659       59.0000000    
   4.10536051       60.0000000    
   4.10674620       61.0000000    
   4.10822868       62.0000000    
   4.10970926       63.0000000    
   4.11118937       64.0000000    
   4.11276674       65.0000000    
   4.11434221       66.0000000    
   4.11591721       67.0000000    
   4.11749125       68.0000000    
   4.11916161       69.0000000    
   4.12083149       70.0000000    
   4.12249994       71.0000000    
   4.12416840       72.0000000    
   4.12593317       73.0000000    
   4.12789202       74.0000000    
   4.13004446       75.0000000    
   4.13239098       76.0000000    
   4.13483286       77.0000000    
   4.13727379       78.0000000    
   4.13980961       79.0000000    
              NaN   80.0000000    
              NaN   81.0000000    
   4.14760017       82.0000000    
   4.15022564       83.0000000    
   4.15275288       84.0000000    
   4.15537405       85.0000000    
   4.15799379       86.0000000    
   4.16061068       87.0000000    
   4.16322613       88.0000000    
   4.16583920       89.0000000    
   4.16845131       90.0000000    
   4.17106009       91.0000000    
   4.17366743       92.0000000    
   4.17627287       93.0000000    
   4.17887592       94.0000000    
   4.18245125       95.0000000    
   4.18789434       96.0000000    
   4.19327307       97.0000000    
   4.19858789       98.0000000    
   4.20383692       99.0000000    
   4.20902205       100.000000    
   4.21414280       101.000000    
   4.21919823       102.000000    
   4.22418976       103.000000    
   4.22911739       104.000000    
   4.23398113       105.000000    
   4.23878050       106.000000    
   4.24351597       107.000000    
   4.24818897       108.000000    
   4.25279856       109.000000    
   4.25734520       110.000000    
   4.26183033       111.000000    
   4.26625347       112.000000    
   4.27061558       113.000000    
   4.27491713       114.000000    
   4.27915812       115.000000    
   4.28333998       116.000000    
   4.28746271       117.000000    
   4.29152727       118.000000    
   4.29553413       119.000000    
   4.29948425       120.000000    
   4.30337811       121.000000    
   4.30721664       122.000000    
   4.31100082       123.000000    
   4.31473160       124.000000    
   4.31840897       125.000000    
   4.32203484       126.000000    
   4.32560921       127.000000    
   4.32913399       128.000000    
   4.33260870       129.000000    
   4.33603621       130.000000    
   4.33941555       131.000000    
   4.34274912       132.000000    
   4.34603691       133.000000    
   4.34943390       134.000000    
   4.35284758       135.000000    
   4.35619545       136.000000    
   4.35947895       137.000000    
   4.36270094       138.000000    
   4.36586523       139.000000    
   4.36897421       140.000000    
   4.37202883       141.000000    
   4.37503242       142.000000    
   4.37798643       143.000000    
   4.38089418       144.000000    
   4.38375664       145.000000    
   4.38657761       146.000000    
   4.38935709       147.000000    
   4.39209843       148.000000    
   4.39480209       149.000000    
   4.39747190       150.000000    
