   4.58775663       0.00000000    
   4.56855774       1.00000000    
   4.54927778       2.00000000    
   4.53015327       3.00000000    
   4.51107311       4.00000000    
   4.49214697       5.00000000    
   4.47366476       6.00000000    
   4.45510054       7.00000000    
   4.43747902       8.00000000    
   4.41981745       9.00000000    
   4.40290546       10.0000000    
   4.38642311       11.0000000    
   4.37031507       12.0000000    
   4.35526991       13.0000000    
   4.34016895       14.0000000    
   4.32662773       15.0000000    
   4.31315947       16.0000000    
   4.30072880       17.0000000    
   4.28895712       18.0000000    
   4.27765703       19.0000000    
   4.26764774       20.0000000    
   4.25765371       21.0000000    
   4.24919701       22.0000000    
   4.24091768       23.0000000    
   4.23327208       24.0000000    
   4.22625542       25.0000000    
   4.21852589       26.0000000    
   4.20842743       27.0000000    
   4.19564295       28.0000000    
   4.17983103       29.0000000    
   4.16129255       30.0000000    
   4.14301777       31.0000000    
   4.13518381       32.0000000    
   4.12803030       33.0000000    
   4.12153816       34.0000000    
   4.11593485       35.0000000    
   4.11101007       36.0000000    
   4.10670900       37.0000000    
   4.10306120       38.0000000    
   4.09999752       39.0000000    
   4.09744549       40.0000000    
   4.09541750       41.0000000    
   4.09392786       42.0000000    
   4.09289074       43.0000000    
   4.09212351       44.0000000    
   4.09182072       45.0000000    
   4.09170103       46.0000000    
   4.09195709       47.0000000    
   4.09249687       48.0000000    
   4.09322548       49.0000000    
   4.09404755       50.0000000    
   4.09506035       51.0000000    
   4.09616756       52.0000000    
   4.09737015       53.0000000    
   4.09866762       54.0000000    
   4.09996367       55.0000000    
   4.10125923       56.0000000    
   4.10265017       57.0000000    
   4.10404015       58.0000000    
   4.10552597       59.0000000    
   4.10691357       60.0000000    
   4.10839701       61.0000000    
   4.10987997       62.0000000    
   4.11145878       63.0000000    
   4.11293936       64.0000000    
   4.11451674       65.0000000    
   4.11599588       66.0000000    
   4.11757135       67.0000000    
   4.11924267       68.0000000    
   4.12081623       69.0000000    
   4.12248611       70.0000000    
   4.12415504       71.0000000    
   4.12592077       72.0000000    
   4.12778282       73.0000000    
   4.12964344       74.0000000    
   4.13169813       75.0000000    
   4.13384914       76.0000000    
   4.13609552       77.0000000    
   4.13843822       78.0000000    
   4.14077854       79.0000000    
   4.14321470       80.0000000    
   4.14564991       81.0000000    
   4.14808321       82.0000000    
   4.15061140       83.0000000    
   4.15313816       84.0000000    
   4.15566254       85.0000000    
   4.15828133       86.0000000    
   4.16080284       87.0000000    
   4.16341782       88.0000000    
   4.16593552       89.0000000    
   4.16854620       90.0000000    
   4.17115593       91.0000000    
   4.17376280       92.0000000    
   4.17636824       93.0000000    
   4.17887592       94.0000000    
   4.18245125       95.0000000    
   4.18789434       96.0000000    
   4.19327307       97.0000000    
   4.19858789       98.0000000    
   4.20383692       99.0000000    
   4.20902205       100.000000    
   4.21414280       101.000000    
   4.21919823       102.000000    
   4.22418976       103.000000    
   4.22911739       104.000000    
   4.23398113       105.000000    
   4.23878050       106.000000    
   4.24351597       107.000000    
   4.24818897       108.000000    
   4.25279856       109.000000    
   4.25734520       110.000000    
   4.26183033       111.000000    
   4.26625347       112.000000    
   4.27061558       113.000000    
   4.27491713       114.000000    
   4.27915812       115.000000    
   4.28333998       116.000000    
   4.28746271       117.000000    
   4.29152727       118.000000    
   4.29553413       119.000000    
   4.29948425       120.000000    
   4.30337811       121.000000    
   4.30721664       122.000000    
   4.31100082       123.000000    
   4.31473160       124.000000    
   4.31840897       125.000000    
   4.32203484       126.000000    
   4.32560921       127.000000    
   4.32913399       128.000000    
   4.33260870       129.000000    
   4.33603621       130.000000    
   4.33941555       131.000000    
   4.34274912       132.000000    
   4.34603691       133.000000    
   4.34943390       134.000000    
   4.35284758       135.000000    
   4.35619545       136.000000    
   4.35947895       137.000000    
   4.36270094       138.000000    
   4.36586523       139.000000    
   4.36897421       140.000000    
   4.37202883       141.000000    
   4.37503242       142.000000    
   4.37798643       143.000000    
   4.38089418       144.000000    
   4.38375664       145.000000    
   4.38657761       146.000000    
   4.38935709       147.000000    
   4.39209843       148.000000    
   4.39480209       149.000000    
   4.39747190       150.000000    
