   2.00000009E-03   0.00000000    
   2.00000009E-03   1.00000000    
   2.00000009E-03   2.00000000    
   2.00000009E-03   3.00000000    
   2.00000009E-03   4.00000000    
   2.00000009E-03   5.00000000    
   2.00000009E-03   6.00000000    
   2.00000009E-03   7.00000000    
   2.00000009E-03   8.00000000    
   2.00000009E-03   9.00000000    
   2.00000009E-03   10.0000000    
   2.00000009E-03   11.0000000    
   2.00000009E-03   12.0000000    
   2.00000009E-03   13.0000000    
   2.00000009E-03   14.0000000    
   2.00000009E-03   15.0000000    
   2.00000009E-03   16.0000000    
   2.00000009E-03   17.0000000    
   2.00000009E-03   18.0000000    
   2.00000009E-03   19.0000000    
   2.00000009E-03   20.0000000    
   2.00000009E-03   21.0000000    
   2.00000009E-03   22.0000000    
   2.00000009E-03   23.0000000    
   2.00000009E-03   24.0000000    
   2.00000009E-03   25.0000000    
   2.00000009E-03   26.0000000    
   2.00000009E-03   27.0000000    
   2.00000009E-03   28.0000000    
   2.00000009E-03   29.0000000    
   2.00000009E-03   30.0000000    
   2.00000009E-03   31.0000000    
   2.00000009E-03   32.0000000    
   2.00000009E-03   33.0000000    
   2.00000009E-03   34.0000000    
   2.00000009E-03   35.0000000    
   2.00000009E-03   36.0000000    
   2.00000009E-03   37.0000000    
   2.00000009E-03   38.0000000    
   2.00000009E-03   39.0000000    
   2.00000009E-03   40.0000000    
   2.32843962E-03   41.0000000    
   3.61080491E-03   42.0000000    
   4.99430718E-03   43.0000000    
   6.57315506E-03   44.0000000    
   8.21684208E-03   45.0000000    
   9.79263987E-03   46.0000000    
   1.14478525E-02   47.0000000    
   1.28728533E-02   48.0000000    
   1.43198278E-02   49.0000000    
   1.49652753E-02   50.0000000    
   1.54373087E-02   51.0000000    
   1.58815011E-02   52.0000000    
   1.62891503E-02   53.0000000    
   1.66672915E-02   54.0000000    
   1.70152951E-02   55.0000000    
   1.73327550E-02   56.0000000    
   1.76271703E-02   57.0000000    
   1.78903881E-02   58.0000000    
   1.81380752E-02   59.0000000    
   1.83700845E-02   60.0000000    
   1.85704157E-02   61.0000000    
   1.87628511E-02   62.0000000    
   1.89234558E-02   63.0000000    
   1.90760735E-02   64.0000000    
   1.92127321E-02   65.0000000    
   1.93333887E-02   66.0000000    
   1.94380451E-02   67.0000000    
   1.95346698E-02   68.0000000    
   1.96152907E-02   69.0000000    
   1.96799319E-02   70.0000000    
   1.97365526E-02   71.0000000    
   1.97851490E-02   72.0000000    
   1.98337231E-02   73.0000000    
   1.98583603E-02   74.0000000    
   1.98909491E-02   75.0000000    
   1.99075844E-02   76.0000000    
   1.99162532E-02   77.0000000    
   1.99249107E-02   78.0000000    
   1.99176781E-02   79.0000000    
   1.99183859E-02   80.0000000    
   1.99032184E-02   81.0000000    
   1.98880713E-02   82.0000000    
   1.98650081E-02   83.0000000    
   1.98498890E-02   84.0000000    
   1.98189393E-02   85.0000000    
   1.97880194E-02   86.0000000    
   1.97571367E-02   87.0000000    
   1.97183695E-02   88.0000000    
   1.96875557E-02   89.0000000    
   1.96409784E-02   90.0000000    
   1.96023397E-02   91.0000000    
   1.95558500E-02   92.0000000    
   1.95094235E-02   93.0000000    
   1.94307882E-02   94.0000000    
   1.91151388E-02   95.0000000    
   1.87756941E-02   96.0000000    
   1.84359159E-02   97.0000000    
   1.81196518E-02   98.0000000    
   1.77797489E-02   99.0000000    
   1.74400769E-02   100.000000    
   1.70766693E-02   101.000000    
   1.67377777E-02   102.000000    
   1.63995996E-02   103.000000    
   1.60623267E-02   104.000000    
   1.57019142E-02   105.000000    
   1.53669715E-02   106.000000    
   1.50092607E-02   107.000000    
   1.46532068E-02   108.000000    
   1.43232085E-02   109.000000    
   1.39710484E-02   110.000000    
   1.36211617E-02   111.000000    
   1.32737057E-02   112.000000    
   1.29529340E-02   113.000000    
   1.26109701E-02   114.000000    
   1.22720562E-02   115.000000    
   1.19364159E-02   116.000000    
   1.16041945E-02   117.000000    
   1.12755867E-02   118.000000    
   1.09508000E-02   119.000000    
   1.06299492E-02   120.000000    
   1.03361011E-02   121.000000    
   1.00234961E-02   122.000000    
   9.71532241E-03   123.000000    
   9.41170286E-03   124.000000    
   9.11280699E-03   125.000000    
   8.81877728E-03   126.000000    
   8.52967519E-03   127.000000    
   8.24568048E-03   128.000000    
   7.96686579E-03   129.000000    
   7.69334892E-03   130.000000    
   7.42520532E-03   131.000000    
   7.16251181E-03   132.000000    
   6.90536574E-03   133.000000    
   6.60618674E-03   134.000000    
   6.29267748E-03   135.000000    
   5.99073106E-03   136.000000    
   5.70012443E-03   137.000000    
   5.42066153E-03   138.000000    
   5.15211094E-03   139.000000    
   4.89422074E-03   140.000000    
   4.64678975E-03   141.000000    
   4.40953858E-03   142.000000    
   4.18224558E-03   143.000000    
   3.96465044E-03   144.000000    
   3.75649123E-03   145.000000    
   3.55750648E-03   146.000000    
   3.36748199E-03   147.000000    
   3.18608433E-03   148.000000    
   3.01309791E-03   149.000000    
   2.84826523E-03   150.000000    
