   4.58775663       0.00000000    
   4.57530355       1.00000000    
   4.56281757       2.00000000    
   4.55037308       3.00000000    
   4.53793001       4.00000000    
   4.52553129       5.00000000    
   4.51325560       6.00000000    
   4.50094986       7.00000000    
   4.48893166       8.00000000    
   4.47689295       9.00000000    
   4.46509218       10.0000000    
   4.45342398       11.0000000    
   4.44187403       12.0000000    
   4.43067217       13.0000000    
   4.41944599       14.0000000    
   4.40876579       15.0000000    
   4.39809704       16.0000000    
   4.38780785       17.0000000    
   4.37777805       18.0000000    
   4.36790609       19.0000000    
   4.35856438       20.0000000    
   4.34923649       21.0000000    
   4.34057617       22.0000000    
   4.33197451       23.0000000    
   4.32377768       24.0000000    
   4.31598806       25.0000000    
   4.30829954       26.0000000    
   4.30129051       27.0000000    
   4.29427052       28.0000000    
   4.28793478       29.0000000    
   4.28170538       30.0000000    
   4.27589417       31.0000000    
   4.27046251       32.0000000    
   4.26517963       33.0000000    
   4.26051235       34.0000000    
   4.25587845       35.0000000    
   4.25180149       36.0000000    
   4.24780178       37.0000000    
   4.24393511       38.0000000    
   4.23995543       39.0000000    
   4.23498774       40.0000000    
   4.22933531       41.0000000    
   4.22228765       42.0000000    
   4.21482325       43.0000000    
   4.20595074       44.0000000    
   4.19623852       45.0000000    
   4.18645191       46.0000000    
   4.17541504       47.0000000    
   4.16549635       48.0000000    
   4.15473032       49.0000000    
   4.14993906       50.0000000    
   4.14650393       51.0000000    
   4.14336014       52.0000000    
   4.14060926       53.0000000    
   4.13817549       54.0000000    
   4.13606691       55.0000000    
   4.13429356       56.0000000    
   4.13277006       57.0000000    
   4.13159561       58.0000000    
   4.13059092       59.0000000    
   4.12975740       60.0000000    
   4.12928581       61.0000000    
   4.12889862       62.0000000    
   4.12888145       63.0000000    
   4.12895155       64.0000000    
   4.12920618       65.0000000    
   4.12964582       66.0000000    
   4.13027334       67.0000000    
   4.13099337       68.0000000    
   4.13190079       69.0000000    
   4.13299847       70.0000000    
   4.13419056       71.0000000    
   4.13547707       72.0000000    
   4.13676214       73.0000000    
   4.13833380       74.0000000    
   4.13980865       75.0000000    
   4.14147520       76.0000000    
   4.14323568       77.0000000    
   4.14499664       78.0000000    
   4.14694786       79.0000000    
   4.14880228       80.0000000    
   4.15084791       81.0000000    
   4.15289259       82.0000000    
   4.15503168       83.0000000    
   4.15707493       84.0000000    
   4.15930748       85.0000000    
   4.16153955       86.0000000    
   4.16377020       87.0000000    
   4.16609478       88.0000000    
   4.16832304       89.0000000    
   4.17074013       90.0000000    
   4.17306137       91.0000000    
   4.17547560       92.0000000    
   4.17788887       93.0000000    
   4.18061209       94.0000000    
   4.18559456       95.0000000    
   4.19076109       96.0000000    
   4.19586897       97.0000000    
   4.20068550       98.0000000    
   4.20567799       99.0000000    
   4.21061230       100.000000    
   4.21571112       101.000000    
   4.22052336       102.000000    
   4.22527885       103.000000    
   4.22997618       104.000000    
   4.23482609       105.000000    
   4.23940516       106.000000    
   4.24413157       107.000000    
   4.24879408       108.000000    
   4.25319529       109.000000    
   4.25773525       110.000000    
   4.26221418       111.000000    
   4.26663017       112.000000    
   4.27080059       113.000000    
   4.27509928       114.000000    
   4.27933693       115.000000    
   4.28351498       116.000000    
   4.28763485       117.000000    
   4.29169559       118.000000    
   4.29569960       119.000000    
   4.29964685       120.000000    
   4.30337811       121.000000    
   4.30721664       122.000000    
   4.31100082       123.000000    
   4.31473160       124.000000    
   4.31840897       125.000000    
   4.32203484       126.000000    
   4.32560921       127.000000    
   4.32913399       128.000000    
   4.33260870       129.000000    
   4.33603621       130.000000    
   4.33941555       131.000000    
   4.34274912       132.000000    
   4.34603691       133.000000    
   4.34943390       134.000000    
   4.35284758       135.000000    
   4.35619545       136.000000    
   4.35947895       137.000000    
   4.36270094       138.000000    
   4.36586523       139.000000    
   4.36897421       140.000000    
   4.37202883       141.000000    
   4.37503242       142.000000    
   4.37798643       143.000000    
   4.38089418       144.000000    
   4.38375664       145.000000    
   4.38657761       146.000000    
   4.38935709       147.000000    
   4.39209843       148.000000    
   4.39480209       149.000000    
   4.39747190       150.000000    
