   2.00000009E-03   0.00000000    
   2.00000009E-03   1.00000000    
   2.00000009E-03   2.00000000    
   2.00000009E-03   3.00000000    
   2.00000009E-03   4.00000000    
   2.00000009E-03   5.00000000    
   2.00000009E-03   6.00000000    
   2.00000009E-03   7.00000000    
   2.00000009E-03   8.00000000    
   2.00000009E-03   9.00000000    
   2.00000009E-03   10.0000000    
   2.00000009E-03   11.0000000    
   2.00000009E-03   12.0000000    
   2.00000009E-03   13.0000000    
   2.00000009E-03   14.0000000    
   2.00000009E-03   15.0000000    
   2.00000009E-03   16.0000000    
   2.00000009E-03   17.0000000    
   2.00000009E-03   18.0000000    
   2.00000009E-03   19.0000000    
   2.00000009E-03   20.0000000    
   2.00000009E-03   21.0000000    
   2.00000009E-03   22.0000000    
   2.00000009E-03   23.0000000    
   2.00000009E-03   24.0000000    
   2.00000009E-03   25.0000000    
   2.00000009E-03   26.0000000    
   2.00000009E-03   27.0000000    
   2.00000009E-03   28.0000000    
   2.00000009E-03   29.0000000    
   2.00000009E-03   30.0000000    
   2.00000009E-03   31.0000000    
   2.00000009E-03   32.0000000    
   2.82799941E-03   33.0000000    
   4.51159012E-03   34.0000000    
   6.34919852E-03   35.0000000    
   7.97733013E-03   36.0000000    
   9.55730863E-03   37.0000000    
   1.10257296E-02   38.0000000    
   1.23646492E-02   39.0000000    
   1.35736577E-02   40.0000000    
   1.46368323E-02   41.0000000    
   1.55449640E-02   42.0000000    
   1.63205415E-02   43.0000000    
   1.70157794E-02   44.0000000    
   1.75762065E-02   45.0000000    
   1.80827193E-02   46.0000000    
   1.84821747E-02   47.0000000    
   1.88021641E-02   48.0000000    
   1.90697871E-02   49.0000000    
   1.93118341E-02   50.0000000    
   1.95021722E-02   51.0000000    
   1.96674615E-02   52.0000000    
   1.98078044E-02   53.0000000    
   1.99233815E-02   54.0000000    
   2.00403389E-02   55.0000000    
   2.01587509E-02   56.0000000    
   2.02525035E-02   57.0000000    
   2.03477833E-02   58.0000000    
   2.04185415E-02   59.0000000    
   2.05167495E-02   60.0000000    
   2.05905028E-02   61.0000000    
   2.06658039E-02   62.0000000    
   2.07167976E-02   63.0000000    
   2.07950585E-02   64.0000000    
   2.08491441E-02   65.0000000    
   2.09303442E-02   66.0000000    
   2.09873654E-02   67.0000000    
   2.10203640E-02   68.0000000    
   2.10804120E-02   69.0000000    
   2.25946885E-02   70.0000000    
   2.26245355E-02   71.0000000    
   2.26447992E-02   72.0000000    
   2.26554871E-02   73.0000000    
   2.26661488E-02   74.0000000    
   2.26577129E-02   75.0000000    
   2.26397272E-02   76.0000000    
   2.26122048E-02   77.0000000    
   2.25751735E-02   78.0000000    
   2.25381684E-02   79.0000000    
   2.24916451E-02   80.0000000    
   2.24451497E-02   81.0000000    
   2.23987103E-02   82.0000000    
   2.23427862E-02   83.0000000    
   2.22868882E-02   84.0000000    
   2.22310517E-02   85.0000000    
   2.21657380E-02   86.0000000    
   2.21099947E-02   87.0000000    
   2.20447853E-02   88.0000000    
   2.19891239E-02   89.0000000    
   2.19240244E-02   90.0000000    
   2.18589697E-02   91.0000000    
   2.17939746E-02   92.0000000    
   2.17290316E-02   93.0000000    
   2.16736272E-02   94.0000000    
   2.16087978E-02   95.0000000    
   2.14566998E-02   96.0000000    
   2.11340804E-02   97.0000000    
   2.08104067E-02   98.0000000    
   2.04858575E-02   99.0000000    
   2.01605875E-02   100.000000    
   1.98347587E-02   101.000000    
   1.95085146E-02   102.000000    
   1.91819761E-02   103.000000    
   1.88553408E-02   104.000000    
   1.85287595E-02   105.000000    
   1.82023700E-02   106.000000    
   1.78763326E-02   107.000000    
   1.75508317E-02   108.000000    
   1.72260087E-02   109.000000    
   1.69020109E-02   110.000000    
   1.65789649E-02   111.000000    
   1.62570849E-02   112.000000    
   1.59364790E-02   113.000000    
   1.56173129E-02   114.000000    
   1.52997505E-02   115.000000    
   1.49839194E-02   116.000000    
   1.46699473E-02   117.000000    
   1.43579971E-02   118.000000    
   1.40482271E-02   119.000000    
   1.37407212E-02   120.000000    
   1.34356944E-02   121.000000    
   1.31331980E-02   122.000000    
   1.28333680E-02   123.000000    
   1.25363842E-02   124.000000    
   1.22423247E-02   125.000000    
   1.19513115E-02   126.000000    
   1.16634583E-02   127.000000    
   1.13788815E-02   128.000000    
   1.10976407E-02   129.000000    
   1.08198980E-02   130.000000    
   1.05457027E-02   131.000000    
   1.02751376E-02   132.000000    
   1.00083100E-02   133.000000    
   9.74532217E-03   134.000000    
   9.48621891E-03   135.000000    
   9.23110079E-03   136.000000    
   8.97995848E-03   137.000000    
   8.73291306E-03   138.000000    
   8.49001203E-03   139.000000    
   8.25130753E-03   140.000000    
   8.01680330E-03   141.000000    
   7.74497632E-03   142.000000    
   7.45455688E-03   143.000000    
   7.17296777E-03   144.000000    
   6.90011820E-03   145.000000    
   6.63577206E-03   146.000000    
   6.37986558E-03   147.000000    
   6.13217428E-03   148.000000    
   5.89259574E-03   149.000000    
   5.66095393E-03   150.000000    
