   2.00000009E-03   0.00000000    
   2.00000009E-03   1.00000000    
   2.00000009E-03   2.00000000    
   2.00000009E-03   3.00000000    
   2.00000009E-03   4.00000000    
   2.00000009E-03   5.00000000    
   2.00000009E-03   6.00000000    
   2.00000009E-03   7.00000000    
   2.00000009E-03   8.00000000    
   2.00000009E-03   9.00000000    
   2.00000009E-03   10.0000000    
   2.00000009E-03   11.0000000    
   2.00000009E-03   12.0000000    
   2.00000009E-03   13.0000000    
   2.00000009E-03   14.0000000    
   2.00000009E-03   15.0000000    
   2.00000009E-03   16.0000000    
   2.00000009E-03   17.0000000    
   2.00000009E-03   18.0000000    
   2.00000009E-03   19.0000000    
   2.00000009E-03   20.0000000    
   2.00000009E-03   21.0000000    
   2.00000009E-03   22.0000000    
   2.00000009E-03   23.0000000    
   2.00000009E-03   24.0000000    
   2.00000009E-03   25.0000000    
   2.00000009E-03   26.0000000    
   2.00000009E-03   27.0000000    
   2.00000009E-03   28.0000000    
   2.00000009E-03   29.0000000    
   2.00000009E-03   30.0000000    
   2.00000009E-03   31.0000000    
   2.00000009E-03   32.0000000    
   2.89781392E-03   33.0000000    
   4.61117923E-03   34.0000000    
   6.47600507E-03   35.0000000    
   8.12306534E-03   36.0000000    
   9.71858483E-03   37.0000000    
   1.11992843E-02   38.0000000    
   1.25477742E-02   39.0000000    
   1.37641979E-02   40.0000000    
   1.48330117E-02   41.0000000    
   1.57453567E-02   42.0000000    
   1.65241286E-02   43.0000000    
   1.72219239E-02   44.0000000    
   1.77842490E-02   45.0000000    
   1.82923395E-02   46.0000000    
   1.86930168E-02   47.0000000    
   1.90139953E-02   48.0000000    
   1.92824695E-02   49.0000000    
   1.95252914E-02   50.0000000    
   1.97163075E-02   51.0000000    
   1.98822226E-02   52.0000000    
   2.00231429E-02   53.0000000    
   2.01392639E-02   54.0000000    
   2.02567633E-02   55.0000000    
   2.03757007E-02   56.0000000    
   2.04699561E-02   57.0000000    
   2.05657259E-02   58.0000000    
   2.06369516E-02   59.0000000    
   2.07356326E-02   60.0000000    
   2.08098460E-02   61.0000000    
   2.08855923E-02   62.0000000    
   2.09370218E-02   63.0000000    
   2.10157223E-02   64.0000000    
   2.10702252E-02   65.0000000    
   2.11518481E-02   66.0000000    
   2.12092791E-02   67.0000000    
   2.12426875E-02   68.0000000    
   2.13031396E-02   69.0000000    
   2.28133406E-02   70.0000000    
   2.28435565E-02   71.0000000    
   2.28641611E-02   72.0000000    
   2.28751581E-02   73.0000000    
   2.28861291E-02   74.0000000    
   2.28779428E-02   75.0000000    
   2.28601806E-02   76.0000000    
   2.28328500E-02   77.0000000    
   2.27959845E-02   78.0000000    
   2.27591377E-02   79.0000000    
   2.27127429E-02   80.0000000    
   2.26663779E-02   81.0000000    
   2.26200707E-02   82.0000000    
   2.25642379E-02   83.0000000    
   2.25084312E-02   84.0000000    
   2.24526860E-02   85.0000000    
   2.23874245E-02   86.0000000    
   2.23317761E-02   87.0000000    
   2.22666115E-02   88.0000000    
   2.22110376E-02   89.0000000    
   2.21459772E-02   90.0000000    
   2.20809672E-02   91.0000000    
   2.20160168E-02   92.0000000    
   2.19511148E-02   93.0000000    
   2.18957774E-02   94.0000000    
   2.18309797E-02   95.0000000    
   2.16791630E-02   96.0000000    
   2.13572718E-02   97.0000000    
   2.10342426E-02   98.0000000    
   2.07102597E-02   99.0000000    
   2.03854721E-02   100.000000    
   2.00600382E-02   101.000000    
   1.97341014E-02   102.000000    
   1.94077902E-02   103.000000    
   1.90812889E-02   104.000000    
   1.87547579E-02   105.000000    
   1.84283331E-02   106.000000    
   1.81021672E-02   107.000000    
   1.77764501E-02   108.000000    
   1.74513217E-02   109.000000    
   1.71269290E-02   110.000000    
   1.68033987E-02   111.000000    
   1.64809488E-02   112.000000    
   1.61596742E-02   113.000000    
   1.58397611E-02   114.000000    
   1.55213596E-02   115.000000    
   1.52045945E-02   116.000000    
   1.48896147E-02   117.000000    
   1.45765645E-02   118.000000    
   1.42656136E-02   119.000000    
   1.39568420E-02   120.000000    
   1.36504713E-02   121.000000    
   1.33465426E-02   122.000000    
   1.30452057E-02   123.000000    
   1.27466368E-02   124.000000    
   1.24509167E-02   125.000000    
   1.21581675E-02   126.000000    
   1.18685095E-02   127.000000    
   1.15820607E-02   128.000000    
   1.12988781E-02   129.000000    
   1.10191265E-02   130.000000    
   1.07428599E-02   131.000000    
   1.04701640E-02   132.000000    
   1.02011506E-02   133.000000    
   9.93591640E-03   134.000000    
   9.67452116E-03   135.000000    
   9.41705238E-03   136.000000    
   9.16351844E-03   137.000000    
   8.91403481E-03   138.000000    
   8.66865274E-03   139.000000    
   8.42742808E-03   140.000000    
   8.19037203E-03   141.000000    
   7.91505910E-03   142.000000    
   7.62059726E-03   143.000000    
   7.33499322E-03   144.000000    
   7.05816271E-03   145.000000    
   6.78986683E-03   146.000000    
   6.53005065E-03   147.000000    
   6.27849204E-03   148.000000    
   6.03508856E-03   149.000000    
   5.79967210E-03   150.000000    
