   2.00000009E-03   0.00000000    
   2.00000009E-03   1.00000000    
   2.00000009E-03   2.00000000    
   2.00000009E-03   3.00000000    
   2.00000009E-03   4.00000000    
   2.00000009E-03   5.00000000    
   2.00000009E-03   6.00000000    
   2.00000009E-03   7.00000000    
   2.00000009E-03   8.00000000    
   2.00000009E-03   9.00000000    
   2.00000009E-03   10.0000000    
   2.00000009E-03   11.0000000    
   2.00000009E-03   12.0000000    
   2.00000009E-03   13.0000000    
   2.00000009E-03   14.0000000    
   2.00000009E-03   15.0000000    
   2.00000009E-03   16.0000000    
   2.00000009E-03   17.0000000    
   2.00000009E-03   18.0000000    
   2.00000009E-03   19.0000000    
   2.00000009E-03   20.0000000    
   2.00000009E-03   21.0000000    
   2.00000009E-03   22.0000000    
   2.00000009E-03   23.0000000    
   2.00000009E-03   24.0000000    
   2.00000009E-03   25.0000000    
   2.00000009E-03   26.0000000    
   2.00000009E-03   27.0000000    
   2.00000009E-03   28.0000000    
   2.00000009E-03   29.0000000    
   2.00000009E-03   30.0000000    
   2.00000009E-03   31.0000000    
   2.00000009E-03   32.0000000    
   2.00000009E-03   33.0000000    
   2.00000009E-03   34.0000000    
   2.00000009E-03   35.0000000    
   2.00000009E-03   36.0000000    
   2.00000009E-03   37.0000000    
   2.00000009E-03   38.0000000    
   2.00000009E-03   39.0000000    
   2.00000009E-03   40.0000000    
   2.00000009E-03   41.0000000    
   2.00000009E-03   42.0000000    
   2.00000009E-03   43.0000000    
   2.00000009E-03   44.0000000    
   2.00000009E-03   45.0000000    
   2.00000009E-03   46.0000000    
   2.00000009E-03   47.0000000    
   2.06714775E-03   48.0000000    
   3.01497197E-03   49.0000000    
   4.06945590E-03   50.0000000    
   5.30828768E-03   51.0000000    
   6.63363561E-03   52.0000000    
   7.73944939E-03   53.0000000    
   8.82127415E-03   54.0000000    
   9.85634793E-03   55.0000000    
   1.08269481E-02   56.0000000    
   1.17454035E-02   57.0000000    
   1.25764105E-02   58.0000000    
   1.33659858E-02   59.0000000    
   1.41101209E-02   60.0000000    
   1.47520909E-02   61.0000000    
   1.53704463E-02   62.0000000    
   1.58830825E-02   63.0000000    
   1.63702164E-02   64.0000000    
   1.68045945E-02   65.0000000    
   1.71860401E-02   66.0000000    
   1.75146349E-02   67.0000000    
   1.78173855E-02   68.0000000    
   1.80675909E-02   69.0000000    
   2.15511490E-02   70.0000000    
   2.16292534E-02   71.0000000    
   2.16977205E-02   72.0000000    
   2.17661541E-02   73.0000000    
   2.18058527E-02   74.0000000    
   2.18550898E-02   75.0000000    
   2.18851734E-02   76.0000000    
   2.19056904E-02   77.0000000    
   2.19261833E-02   78.0000000    
   2.19275970E-02   79.0000000    
   2.19385363E-02   80.0000000    
   2.19304096E-02   81.0000000    
   2.19222866E-02   82.0000000    
   2.19046529E-02   83.0000000    
   2.18965355E-02   84.0000000    
   2.18694098E-02   85.0000000    
   2.18422934E-02   86.0000000    
   2.18152031E-02   87.0000000    
   2.17786357E-02   88.0000000    
   2.17515975E-02   89.0000000    
   2.17055958E-02   90.0000000    
   2.16691177E-02   91.0000000    
   2.16231756E-02   92.0000000    
   2.15772931E-02   93.0000000    
   2.15314422E-02   94.0000000    
   2.14599967E-02   95.0000000    
   2.11608335E-02   96.0000000    
   2.08609272E-02   97.0000000    
   2.05854550E-02   98.0000000    
   2.02845968E-02   99.0000000    
   1.99834630E-02   100.000000    
   1.96566209E-02   101.000000    
   1.93550028E-02   102.000000    
   1.90534666E-02   103.000000    
   1.87520478E-02   104.000000    
   1.84250418E-02   105.000000    
   1.81243047E-02   106.000000    
   1.77980121E-02   107.000000    
   1.74722988E-02   108.000000    
   1.71735380E-02   109.000000    
   1.68494433E-02   110.000000    
   1.65263247E-02   111.000000    
   1.62043720E-02   112.000000    
   1.59101039E-02   113.000000    
   1.55909322E-02   114.000000    
   1.52733754E-02   115.000000    
   1.49575574E-02   116.000000    
   1.46436207E-02   117.000000    
   1.43317049E-02   118.000000    
   1.40219908E-02   119.000000    
   1.37145529E-02   120.000000    
   1.34356944E-02   121.000000    
   1.31331980E-02   122.000000    
   1.28333680E-02   123.000000    
   1.25363842E-02   124.000000    
   1.22423247E-02   125.000000    
   1.19513115E-02   126.000000    
   1.16634583E-02   127.000000    
   1.13788815E-02   128.000000    
   1.10976407E-02   129.000000    
   1.08198980E-02   130.000000    
   1.05457027E-02   131.000000    
   1.02751376E-02   132.000000    
   1.00083100E-02   133.000000    
   9.74532217E-03   134.000000    
   9.48621891E-03   135.000000    
   9.23110079E-03   136.000000    
   8.97995848E-03   137.000000    
   8.73291306E-03   138.000000    
   8.49001203E-03   139.000000    
   8.25130753E-03   140.000000    
   8.01680330E-03   141.000000    
   7.74497632E-03   142.000000    
   7.45455688E-03   143.000000    
   7.17296777E-03   144.000000    
   6.90011820E-03   145.000000    
   6.63577206E-03   146.000000    
   6.37986558E-03   147.000000    
   6.13217428E-03   148.000000    
   5.89259574E-03   149.000000    
   5.66095393E-03   150.000000    
