   2.00000009E-03   0.00000000    
   2.00000009E-03   1.00000000    
   2.00000009E-03   2.00000000    
   2.00000009E-03   3.00000000    
   2.00000009E-03   4.00000000    
   2.00000009E-03   5.00000000    
   2.00000009E-03   6.00000000    
   2.00000009E-03   7.00000000    
   2.00000009E-03   8.00000000    
   2.00000009E-03   9.00000000    
   2.00000009E-03   10.0000000    
   2.00000009E-03   11.0000000    
   2.00000009E-03   12.0000000    
   2.00000009E-03   13.0000000    
   2.00000009E-03   14.0000000    
   2.00000009E-03   15.0000000    
   2.00000009E-03   16.0000000    
   2.00000009E-03   17.0000000    
   2.00000009E-03   18.0000000    
   2.00000009E-03   19.0000000    
   2.00000009E-03   20.0000000    
   2.00000009E-03   21.0000000    
   2.00000009E-03   22.0000000    
   2.00000009E-03   23.0000000    
   2.00000009E-03   24.0000000    
   2.00000009E-03   25.0000000    
   2.00000009E-03   26.0000000    
   2.39737728E-03   27.0000000    
   4.52634646E-03   28.0000000    
   7.09392270E-03   29.0000000    
   9.85995866E-03   30.0000000    
   1.23133091E-02   31.0000000    
   1.31909223E-02   32.0000000    
   1.40044717E-02   33.0000000    
   1.47551177E-02   34.0000000    
   1.54224923E-02   35.0000000    
   1.60260014E-02   36.0000000    
   1.65709835E-02   37.0000000    
   1.70556642E-02   38.0000000    
   1.74866505E-02   39.0000000    
   1.78710520E-02   40.0000000    
   1.82082728E-02   41.0000000    
   1.84978656E-02   42.0000000    
   1.87475737E-02   43.0000000    
   1.89733077E-02   44.0000000    
   1.91588700E-02   45.0000000    
   1.93283353E-02   46.0000000    
   1.94655526E-02   47.0000000    
   1.95785873E-02   48.0000000    
   1.96754653E-02   49.0000000    
   1.97642446E-02   50.0000000    
   1.98368616E-02   51.0000000    
   1.99014023E-02   52.0000000    
   1.99578479E-02   53.0000000    
   2.00062171E-02   54.0000000    
   2.00545453E-02   55.0000000    
   2.01028362E-02   56.0000000    
   2.01430432E-02   57.0000000    
   2.01832410E-02   58.0000000    
   2.02153567E-02   59.0000000    
   2.02554949E-02   60.0000000    
   2.02875528E-02   61.0000000    
   2.03196127E-02   62.0000000    
   2.03436147E-02   63.0000000    
   2.03756094E-02   64.0000000    
   2.03995798E-02   65.0000000    
   2.04315092E-02   66.0000000    
   2.04554200E-02   67.0000000    
   2.04713363E-02   68.0000000    
   2.04952061E-02   69.0000000    
   2.05110759E-02   70.0000000    
   2.05269381E-02   71.0000000    
   2.05348060E-02   72.0000000    
   2.05346961E-02   73.0000000    
   2.05345750E-02   74.0000000    
   2.05185320E-02   75.0000000    
   2.04945467E-02   76.0000000    
   2.04626154E-02   77.0000000    
   2.04227734E-02   78.0000000    
   2.03829706E-02   79.0000000    
   2.03352589E-02   80.0000000    
   2.02875827E-02   81.0000000    
   2.02399772E-02   82.0000000    
   2.01844964E-02   83.0000000    
   2.01290529E-02   84.0000000    
   2.00736932E-02   85.0000000    
   2.00104639E-02   86.0000000    
   1.99552290E-02   87.0000000    
   1.98921319E-02   88.0000000    
   1.98370144E-02   89.0000000    
   1.97740681E-02   90.0000000    
   1.97111890E-02   91.0000000    
   1.96483843E-02   92.0000000    
   1.95856541E-02   93.0000000    
   1.95308700E-02   94.0000000    
   1.93676036E-02   95.0000000    
   1.90059915E-02   96.0000000    
   1.86437014E-02   97.0000000    
   1.82808358E-02   98.0000000    
   1.79176722E-02   99.0000000    
   1.75544154E-02   100.000000    
   1.71912480E-02   101.000000    
   1.68284643E-02   102.000000    
   1.64662097E-02   103.000000    
   1.61047149E-02   104.000000    
   1.57442149E-02   105.000000    
   1.53849246E-02   106.000000    
   1.50270499E-02   107.000000    
   1.46708339E-02   108.000000    
   1.43164443E-02   109.000000    
   1.39641548E-02   110.000000    
   1.36141442E-02   111.000000    
   1.32665690E-02   112.000000    
   1.29217161E-02   113.000000    
   1.25797400E-02   114.000000    
   1.22408345E-02   115.000000    
   1.19052241E-02   116.000000    
   1.15730576E-02   117.000000    
   1.12445448E-02   118.000000    
   1.09198354E-02   119.000000    
   1.05991028E-02   120.000000    
   1.02825556E-02   121.000000    
   9.97031201E-03   122.000000    
   9.66253038E-03   123.000000    
   9.35934205E-03   124.000000    
   9.06090625E-03   125.000000    
   8.76736362E-03   126.000000    
   8.47878587E-03   127.000000    
   8.19534156E-03   128.000000    
   7.91710522E-03   129.000000    
   7.64419790E-03   130.000000    
   7.37668714E-03   131.000000    
   7.11465534E-03   132.000000    
   6.85819099E-03   133.000000    
   6.56004576E-03   134.000000    
   6.24774955E-03   135.000000    
   5.94701990E-03   136.000000    
   5.65762632E-03   137.000000    
   5.37937647E-03   138.000000    
   5.11203147E-03   139.000000    
   4.85534035E-03   140.000000    
   4.60910099E-03   141.000000    
   4.37303307E-03   142.000000    
   4.14691074E-03   143.000000    
   3.93047277E-03   144.000000    
   3.72345909E-03   145.000000    
   3.52560217E-03   146.000000    
   3.33668920E-03   147.000000    
   3.15638538E-03   148.000000    
   2.98447604E-03   149.000000    
   2.82069785E-03   150.000000    
