   2.00000009E-03   0.00000000    
   2.00000009E-03   1.00000000    
   2.00000009E-03   2.00000000    
   2.00000009E-03   3.00000000    
   2.00000009E-03   4.00000000    
   2.00000009E-03   5.00000000    
   2.00000009E-03   6.00000000    
   2.00000009E-03   7.00000000    
   2.00000009E-03   8.00000000    
   2.00000009E-03   9.00000000    
   2.00000009E-03   10.0000000    
   2.00000009E-03   11.0000000    
   2.00000009E-03   12.0000000    
   2.00000009E-03   13.0000000    
   2.00000009E-03   14.0000000    
   2.00000009E-03   15.0000000    
   2.00000009E-03   16.0000000    
   2.00000009E-03   17.0000000    
   2.00000009E-03   18.0000000    
   2.00000009E-03   19.0000000    
   2.00000009E-03   20.0000000    
   2.00000009E-03   21.0000000    
   2.00000009E-03   22.0000000    
   2.00000009E-03   23.0000000    
   2.00000009E-03   24.0000000    
   2.00000009E-03   25.0000000    
   2.00000009E-03   26.0000000    
   2.00000009E-03   27.0000000    
   2.00000009E-03   28.0000000    
   2.00000009E-03   29.0000000    
   2.00000009E-03   30.0000000    
   2.00000009E-03   31.0000000    
   2.00000009E-03   32.0000000    
   2.00000009E-03   33.0000000    
   2.00000009E-03   34.0000000    
   2.00000009E-03   35.0000000    
   2.00000009E-03   36.0000000    
   2.00000009E-03   37.0000000    
   2.00000009E-03   38.0000000    
   2.00000009E-03   39.0000000    
   2.00000009E-03   40.0000000    
   2.32198415E-03   41.0000000    
   3.60168773E-03   42.0000000    
   4.98264795E-03   43.0000000    
   6.55893981E-03   44.0000000    
   8.20026826E-03   45.0000000    
   9.77403391E-03   46.0000000    
   1.14273727E-02   47.0000000    
   1.28508806E-02   48.0000000    
   1.42965028E-02   49.0000000    
   1.49409920E-02   50.0000000    
   1.54121323E-02   51.0000000    
   1.58554502E-02   52.0000000    
   1.62622556E-02   53.0000000    
   1.66395772E-02   54.0000000    
   1.69867966E-02   55.0000000    
   1.73034817E-02   56.0000000    
   1.75971538E-02   57.0000000    
   1.78596508E-02   58.0000000    
   1.81066226E-02   59.0000000    
   1.83379371E-02   60.0000000    
   1.85375959E-02   61.0000000    
   1.87293645E-02   62.0000000    
   1.88893192E-02   63.0000000    
   1.90413017E-02   64.0000000    
   1.91773344E-02   65.0000000    
   1.92973781E-02   66.0000000    
   1.94014311E-02   67.0000000    
   1.94974598E-02   68.0000000    
   1.95775013E-02   69.0000000    
   1.96415726E-02   70.0000000    
   1.96976252E-02   71.0000000    
   1.97456665E-02   72.0000000    
   1.97936855E-02   73.0000000    
   1.98177882E-02   74.0000000    
   1.98498312E-02   75.0000000    
   1.98659431E-02   76.0000000    
   1.98740866E-02   77.0000000    
   1.98822226E-02   78.0000000    
   1.98744833E-02   79.0000000    
   1.98746826E-02   80.0000000    
   1.98590290E-02   81.0000000    
   1.98433828E-02   82.0000000    
   1.98198352E-02   83.0000000    
   1.98042206E-02   84.0000000    
   1.97727997E-02   85.0000000    
   1.97414048E-02   86.0000000    
   1.97100490E-02   87.0000000    
   1.96708199E-02   88.0000000    
   1.96395386E-02   89.0000000    
   1.95925161E-02   90.0000000    
   1.95534192E-02   91.0000000    
   1.95064861E-02   92.0000000    
   1.94596108E-02   93.0000000    
   1.93805285E-02   94.0000000    
   1.90643631E-02   95.0000000    
   1.87244322E-02   96.0000000    
   1.83841884E-02   97.0000000    
   1.80674829E-02   98.0000000    
   1.77271608E-02   99.0000000    
   1.73871014E-02   100.000000    
   1.70233473E-02   101.000000    
   1.66841317E-02   102.000000    
   1.63456444E-02   103.000000    
   1.60080940E-02   104.000000    
   1.56474560E-02   105.000000    
   1.53122945E-02   106.000000    
   1.49544226E-02   107.000000    
   1.45982457E-02   108.000000    
   1.42681263E-02   109.000000    
   1.39159020E-02   110.000000    
   1.35659920E-02   111.000000    
   1.32185547E-02   112.000000    
   1.28977885E-02   113.000000    
   1.25559093E-02   114.000000    
   1.22171147E-02   115.000000    
   1.18816281E-02   116.000000    
   1.15495948E-02   117.000000    
   1.12212142E-02   118.000000    
   1.08966874E-02   119.000000    
   1.05761336E-02   120.000000    
   1.02825556E-02   121.000000    
   9.97031201E-03   122.000000    
   9.66253038E-03   123.000000    
   9.35934205E-03   124.000000    
   9.06090625E-03   125.000000    
   8.76736362E-03   126.000000    
   8.47878587E-03   127.000000    
   8.19534156E-03   128.000000    
   7.91710522E-03   129.000000    
   7.64419790E-03   130.000000    
   7.37668714E-03   131.000000    
   7.11465534E-03   132.000000    
   6.85819099E-03   133.000000    
   6.56004576E-03   134.000000    
   6.24774955E-03   135.000000    
   5.94701990E-03   136.000000    
   5.65762632E-03   137.000000    
   5.37937647E-03   138.000000    
   5.11203147E-03   139.000000    
   4.85534035E-03   140.000000    
   4.60910099E-03   141.000000    
   4.37303307E-03   142.000000    
   4.14691074E-03   143.000000    
   3.93047277E-03   144.000000    
   3.72345909E-03   145.000000    
   3.52560217E-03   146.000000    
   3.33668920E-03   147.000000    
   3.15638538E-03   148.000000    
   2.98447604E-03   149.000000    
   2.82069785E-03   150.000000    
