   2.00000009E-03   0.00000000    
   2.00000009E-03   1.00000000    
   2.00000009E-03   2.00000000    
   2.00000009E-03   3.00000000    
   2.00000009E-03   4.00000000    
   2.00000009E-03   5.00000000    
   2.00000009E-03   6.00000000    
   2.00000009E-03   7.00000000    
   2.00000009E-03   8.00000000    
   2.00000009E-03   9.00000000    
   2.00000009E-03   10.0000000    
   5.79736149E-03   11.0000000    
   1.27514005E-02   12.0000000    
   1.39418943E-02   13.0000000    
   1.48763573E-02   14.0000000    
   1.56542920E-02   15.0000000    
   1.62729565E-02   16.0000000    
   1.67584792E-02   17.0000000    
   1.71110183E-02   18.0000000    
   1.73309743E-02   19.0000000    
   1.74722057E-02   20.0000000    
   1.75883863E-02   21.0000000    
   1.76794548E-02   22.0000000    
   1.77722592E-02   23.0000000    
   1.78400017E-02   24.0000000    
   1.79361477E-02   25.0000000    
   1.79806184E-02   26.0000000    
   1.80534497E-02   27.0000000    
   1.81279723E-02   28.0000000    
   1.82041004E-02   29.0000000    
   1.82819366E-02   30.0000000    
   1.83348190E-02   31.0000000    
   1.84159819E-02   32.0000000    
   1.84987672E-02   33.0000000    
   1.85831822E-02   34.0000000    
   1.86426919E-02   35.0000000    
   1.87304225E-02   36.0000000    
   1.88196898E-02   37.0000000    
   1.89106222E-02   38.0000000    
   1.89766567E-02   39.0000000    
   1.90707799E-02   40.0000000    
   1.91664323E-02   41.0000000    
   1.92373153E-02   42.0000000    
   1.93361156E-02   43.0000000    
   1.94364842E-02   44.0000000    
   1.95120759E-02   45.0000000    
   1.96155179E-02   46.0000000    
   1.96942259E-02   47.0000000    
   1.98006481E-02   48.0000000    
   1.98824722E-02   49.0000000    
   1.99658070E-02   50.0000000    
   2.00767275E-02   51.0000000    
   2.01630630E-02   52.0000000    
   2.02509090E-02   53.0000000    
   2.03402396E-02   54.0000000    
   2.04310231E-02   55.0000000    
   2.05232762E-02   56.0000000    
   2.06170306E-02   57.0000000    
   2.06863768E-02   58.0000000    
   2.07830481E-02   59.0000000    
   2.08553616E-02   60.0000000    
   2.09548771E-02   61.0000000    
   2.10301336E-02   62.0000000    
   2.11068802E-02   63.0000000    
   2.11850591E-02   64.0000000    
   2.12647263E-02   65.0000000    
   2.13203002E-02   66.0000000    
   2.14028079E-02   67.0000000    
   2.14613713E-02   68.0000000    
   2.14959905E-02   69.0000000    
   2.27811504E-02   70.0000000    
   2.28113960E-02   71.0000000    
   2.28511691E-02   72.0000000    
   2.28717923E-02   73.0000000    
   2.28828378E-02   74.0000000    
   2.28652079E-02   75.0000000    
   2.28284802E-02   76.0000000    
   2.27822326E-02   77.0000000    
   2.27264855E-02   78.0000000    
   2.26707719E-02   79.0000000    
   2.26150881E-02   80.0000000    
   2.25499179E-02   81.0000000    
   2.24847943E-02   82.0000000    
   2.24292409E-02   83.0000000    
   2.23642122E-02   84.0000000    
   2.22992320E-02   85.0000000    
   2.22342983E-02   86.0000000    
   2.21694168E-02   87.0000000    
   2.21045855E-02   88.0000000    
   2.20398065E-02   89.0000000    
   2.19750851E-02   90.0000000    
   2.19104122E-02   91.0000000    
   2.18457952E-02   92.0000000    
   2.17812285E-02   93.0000000    
   2.17167195E-02   94.0000000    
   2.16522682E-02   95.0000000    
   2.15005856E-02   96.0000000    
   2.11784821E-02   97.0000000    
   2.08552945E-02   98.0000000    
   2.05312241E-02   99.0000000    
   2.02064198E-02   100.000000    
   1.98810268E-02   101.000000    
   1.95552092E-02   102.000000    
   1.92290805E-02   103.000000    
   1.89028252E-02   104.000000    
   1.85766127E-02   105.000000    
   1.82505734E-02   106.000000    
   1.79248564E-02   107.000000    
   1.75996684E-02   108.000000    
   1.72751267E-02   109.000000    
   1.69513859E-02   110.000000    
   1.66285820E-02   111.000000    
   1.63069237E-02   112.000000    
   1.59865003E-02   113.000000    
   1.56675112E-02   114.000000    
   1.53500922E-02   115.000000    
   1.50343804E-02   116.000000    
   1.47205088E-02   117.000000    
   1.44086322E-02   118.000000    
   1.40989088E-02   119.000000    
   1.37914298E-02   120.000000    
   1.34864049E-02   121.000000    
   1.31838825E-02   122.000000    
   1.28840040E-02   123.000000    
   1.25869475E-02   124.000000    
   1.22927912E-02   125.000000    
   1.20016551E-02   126.000000    
   1.17136585E-02   127.000000    
   1.14289131E-02   128.000000    
   1.11474842E-02   129.000000    
   1.08695254E-02   130.000000    
   1.05950916E-02   131.000000    
   1.03242639E-02   132.000000    
   1.00571606E-02   133.000000    
   9.79386549E-03   134.000000    
   9.53444466E-03   135.000000    
   9.27897822E-03   136.000000    
   9.02747363E-03   137.000000    
   8.78004823E-03   138.000000    
   8.53674486E-03   139.000000    
   8.29762127E-03   140.000000    
   8.06268025E-03   141.000000    
   7.79016502E-03   142.000000    
   7.49888970E-03   143.000000    
   7.21644657E-03   144.000000    
   6.94273971E-03   145.000000    
   6.67753723E-03   146.000000    
   6.42076647E-03   147.000000    
   6.17221463E-03   148.000000    
   5.93177648E-03   149.000000    
   5.69927832E-03   150.000000    
