   4.58775663       0.00000000    
   4.56855774       1.00000000    
   4.54927778       2.00000000    
   4.53015327       3.00000000    
   4.51107311       4.00000000    
   4.49214697       5.00000000    
   4.47366476       6.00000000    
   4.45510054       7.00000000    
   4.43747902       8.00000000    
   4.41981745       9.00000000    
   4.40290546       10.0000000    
   4.38642311       11.0000000    
   4.37031507       12.0000000    
   4.35526991       13.0000000    
   4.34016895       14.0000000    
   4.32662773       15.0000000    
   4.31315947       16.0000000    
   4.30072880       17.0000000    
   4.28895712       18.0000000    
   4.27765703       19.0000000    
   4.26764774       20.0000000    
   4.25765371       21.0000000    
   4.24919701       22.0000000    
   4.24091816       23.0000000    
   4.23328876       24.0000000    
   4.22654057       25.0000000    
   4.22035408       26.0000000    
   4.21477461       27.0000000    
   4.20988417       28.0000000    
   4.20554686       29.0000000    
   4.20141888       30.0000000    
   4.19731474       31.0000000    
   4.19256926       32.0000000    
   4.18656254       33.0000000    
   4.17908764       34.0000000    
   4.17080164       35.0000000    
   4.16275930       36.0000000    
   4.15457678       37.0000000    
   4.14663601       38.0000000    
   4.13911438       39.0000000    
   4.13209772       40.0000000    
   4.12580681       41.0000000    
   4.12043095       42.0000000    
   4.11590004       43.0000000    
   4.11185598       44.0000000    
   4.10883284       45.0000000    
   4.10618114       46.0000000    
   4.10441589       47.0000000    
   4.10333061       48.0000000    
   4.10269928       49.0000000    
   4.10228252       50.0000000    
   4.10234022       51.0000000    
   4.10262585       52.0000000    
   4.10314369       53.0000000    
   4.10389614       54.0000000    
   4.10462952       55.0000000    
   4.10534334       56.0000000    
   4.10629654       57.0000000    
   4.10723066       58.0000000    
   4.10840654       59.0000000    
   4.10930490       60.0000000    
   4.11044550       61.0000000    
   4.11156797       62.0000000    
   4.11293602       63.0000000    
   4.11402464       64.0000000    
   4.11535692       65.0000000    
   4.11641073       66.0000000    
   4.11771011       67.0000000    
   4.11925554       68.0000000    
   4.12052107       69.0000000    
   4.10663652       70.0000000    
   4.10818148       71.0000000    
   4.10983896       72.0000000    
   4.11160851       73.0000000    
   4.11337805       74.0000000    
   4.11537266       75.0000000    
   4.11747932       76.0000000    
   4.11970043       77.0000000    
   4.12203169       78.0000000    
   4.12436199       79.0000000    
   4.12680435       80.0000000    
   4.12924576       81.0000000    
   4.13168478       82.0000000    
   4.13423586       83.0000000    
   4.13678455       84.0000000    
   4.13933182       85.0000000    
   4.14198971       86.0000000    
   4.14453316       87.0000000    
   4.14718771       88.0000000    
   4.14972782       89.0000000    
   4.15237808       90.0000000    
   4.15502644       91.0000000    
   4.15767288       92.0000000    
   4.16031694       93.0000000    
   4.16284800       94.0000000    
   4.16548872       95.0000000    
   4.16905260       96.0000000    
   4.17437887       97.0000000    
   4.17965174       98.0000000    
   4.18487072       99.0000000    
   4.19003725       100.000000    
   4.19514990       101.000000    
   4.20020962       102.000000    
   4.20521593       103.000000    
   4.21016836       104.000000    
   4.21506786       105.000000    
   4.21991444       106.000000    
   4.22470856       107.000000    
   4.22944927       108.000000    
   4.23413706       109.000000    
   4.23877239       110.000000    
   4.24335623       111.000000    
   4.24788761       112.000000    
   4.25236750       113.000000    
   4.25679588       114.000000    
   4.26117277       115.000000    
   4.26549959       116.000000    
   4.26977587       117.000000    
   4.27400303       118.000000    
   4.27817917       119.000000    
   4.28230715       120.000000    
   4.28638601       121.000000    
   4.29041719       122.000000    
   4.29440022       123.000000    
   4.29833651       124.000000    
   4.30222607       125.000000    
   4.30606937       126.000000    
   4.30986738       127.000000    
   4.31362009       128.000000    
   4.31732893       129.000000    
   4.32099438       130.000000    
   4.32461643       131.000000    
   4.32819510       132.000000    
   4.33173275       133.000000    
   4.33522940       134.000000    
   4.33868551       135.000000    
   4.34210157       136.000000    
   4.34547901       137.000000    
   4.34881783       138.000000    
   4.35211849       139.000000    
   4.35538292       140.000000    
   4.35861015       141.000000    
   4.36194324       142.000000    
   4.36531401       143.000000    
   4.36863136       144.000000    
   4.37189674       145.000000    
   4.37511349       146.000000    
   4.37828112       147.000000    
   4.38140345       148.000000    
   4.38448000       149.000000    
   4.38751364       150.000000    
