   4.58775663       0.00000000    
   4.49825144       1.00000000    
   4.42193127       2.00000000    
   4.35910511       3.00000000    
   4.30825758       4.00000000    
   4.26802206       5.00000000    
   4.23754454       6.00000000    
   4.21530771       7.00000000    
   4.19931316       8.00000000    
   4.18627501       9.00000000    
   4.16667080       10.0000000    
   4.13060999       11.0000000    
   4.08668280       12.0000000    
   4.07951641       13.0000000    
   4.07399416       14.0000000    
   4.06949949       15.0000000    
   4.06616354       16.0000000    
   4.06385517       17.0000000    
   4.06263828       18.0000000    
   4.06255817       19.0000000    
   4.06316662       20.0000000    
   4.06399393       21.0000000    
   4.06504393       22.0000000    
   4.06607628       23.0000000    
   4.06733322       24.0000000    
   4.06833267       25.0000000    
   4.06979990       26.0000000    
   4.07100868       27.0000000    
   4.07220125       28.0000000    
   4.07337809       29.0000000    
   4.07453871       30.0000000    
   4.07592726       31.0000000    
   4.07705545       32.0000000    
   4.07816696       33.0000000    
   4.07926083       34.0000000    
   4.08058548       35.0000000    
   4.08164692       36.0000000    
   4.08269119       37.0000000    
   4.08371735       38.0000000    
   4.08497667       39.0000000    
   4.08596897       40.0000000    
   4.08694410       41.0000000    
   4.08815241       42.0000000    
   4.08909225       43.0000000    
   4.09001398       44.0000000    
   4.09117126       45.0000000    
   4.09205770       46.0000000    
   4.09317970       47.0000000    
   4.09403038       48.0000000    
   4.09511757       49.0000000    
   4.09618759       50.0000000    
   4.09698248       51.0000000    
   4.09801674       52.0000000    
   4.09903288       53.0000000    
   4.10003138       54.0000000    
   4.10101223       55.0000000    
   4.10197449       56.0000000    
   4.10291815       57.0000000    
   4.10410547       58.0000000    
   4.10501337       59.0000000    
   4.10616541       60.0000000    
   4.10703611       61.0000000    
   4.10815239       62.0000000    
   4.10925102       63.0000000    
   4.11033154       64.0000000    
   4.11139345       65.0000000    
   4.11270475       66.0000000    
   4.11373186       67.0000000    
   4.11500788       68.0000000    
   4.11653376       69.0000000    
   4.10482025       70.0000000    
   4.10636473       71.0000000    
   4.10779333       72.0000000    
   4.10944986       73.0000000    
   4.11121893       74.0000000    
   4.11332750       75.0000000    
   4.11566305       76.0000000    
   4.11811113       77.0000000    
   4.12067127       78.0000000    
   4.12322998       79.0000000    
   4.12578678       80.0000000    
   4.12845469       81.0000000    
   4.13112116       82.0000000    
   4.13367224       83.0000000    
   4.13633442       84.0000000    
   4.13899469       85.0000000    
   4.14165306       86.0000000    
   4.14430952       87.0000000    
   4.14696407       88.0000000    
   4.14961624       89.0000000    
   4.15226650       90.0000000    
   4.15491486       91.0000000    
   4.15756130       92.0000000    
   4.16020536       93.0000000    
   4.16284800       94.0000000    
   4.16548872       95.0000000    
   4.16905260       96.0000000    
   4.17437887       97.0000000    
   4.17965174       98.0000000    
   4.18487072       99.0000000    
   4.19003725       100.000000    
   4.19514990       101.000000    
   4.20020962       102.000000    
   4.20521593       103.000000    
   4.21016836       104.000000    
   4.21506786       105.000000    
   4.21991444       106.000000    
   4.22470856       107.000000    
   4.22944927       108.000000    
   4.23413706       109.000000    
   4.23877239       110.000000    
   4.24335623       111.000000    
   4.24788761       112.000000    
   4.25236750       113.000000    
   4.25679588       114.000000    
   4.26117277       115.000000    
   4.26549959       116.000000    
   4.26977587       117.000000    
   4.27400303       118.000000    
   4.27817917       119.000000    
   4.28230715       120.000000    
   4.28638601       121.000000    
   4.29041719       122.000000    
   4.29440022       123.000000    
   4.29833651       124.000000    
   4.30222607       125.000000    
   4.30606937       126.000000    
   4.30986738       127.000000    
   4.31362009       128.000000    
   4.31732893       129.000000    
   4.32099438       130.000000    
   4.32461643       131.000000    
   4.32819510       132.000000    
   4.33173275       133.000000    
   4.33522940       134.000000    
   4.33868551       135.000000    
   4.34210157       136.000000    
   4.34547901       137.000000    
   4.34881783       138.000000    
   4.35211849       139.000000    
   4.35538292       140.000000    
   4.35861015       141.000000    
   4.36194324       142.000000    
   4.36531401       143.000000    
   4.36863136       144.000000    
   4.37189674       145.000000    
   4.37511349       146.000000    
   4.37828112       147.000000    
   4.38140345       148.000000    
   4.38448000       149.000000    
   4.38751364       150.000000    
