   2.00000009E-03   0.00000000    
   2.00000009E-03   1.00000000    
   2.00000009E-03   2.00000000    
   2.00000009E-03   3.00000000    
   2.00000009E-03   4.00000000    
   2.00000009E-03   5.00000000    
   2.00000009E-03   6.00000000    
   2.00000009E-03   7.00000000    
   2.00000009E-03   8.00000000    
   2.00000009E-03   9.00000000    
   2.00000009E-03   10.0000000    
   2.00000009E-03   11.0000000    
   2.00000009E-03   12.0000000    
   2.00000009E-03   13.0000000    
   2.00000009E-03   14.0000000    
   2.00000009E-03   15.0000000    
   2.00000009E-03   16.0000000    
   2.00000009E-03   17.0000000    
   2.00000009E-03   18.0000000    
   2.00000009E-03   19.0000000    
   2.00000009E-03   20.0000000    
   2.00000009E-03   21.0000000    
   2.00000009E-03   22.0000000    
   2.00000009E-03   23.0000000    
   2.00000009E-03   24.0000000    
   2.00000009E-03   25.0000000    
   2.00000009E-03   26.0000000    
   2.00000009E-03   27.0000000    
   2.00000009E-03   28.0000000    
   2.00000009E-03   29.0000000    
   2.00000009E-03   30.0000000    
   2.00000009E-03   31.0000000    
   2.00000009E-03   32.0000000    
   2.83338293E-03   33.0000000    
   4.51949285E-03   34.0000000    
   6.35954551E-03   35.0000000    
   7.98954722E-03   36.0000000    
   9.57118068E-03   37.0000000    
   1.10410349E-02   38.0000000    
   1.23811932E-02   39.0000000    
   1.35912830E-02   40.0000000    
   1.46553991E-02   41.0000000    
   1.55643504E-02   42.0000000    
   1.63406730E-02   43.0000000    
   1.70365945E-02   44.0000000    
   1.75976437E-02   45.0000000    
   1.81047525E-02   46.0000000    
   1.85047686E-02   47.0000000    
   1.88252907E-02   48.0000000    
   1.90934446E-02   49.0000000    
   1.93360113E-02   50.0000000    
   1.95268560E-02   51.0000000    
   1.96926482E-02   52.0000000    
   1.98334847E-02   53.0000000    
   1.99495554E-02   54.0000000    
   2.00670063E-02   55.0000000    
   2.01859102E-02   56.0000000    
   2.02801544E-02   57.0000000    
   2.03759186E-02   58.0000000    
   2.04471648E-02   59.0000000    
   2.05458589E-02   60.0000000    
   2.06200965E-02   61.0000000    
   2.06958726E-02   62.0000000    
   2.07473487E-02   63.0000000    
   2.08260901E-02   64.0000000    
   2.08806507E-02   65.0000000    
   2.09623277E-02   66.0000000    
   2.10198257E-02   67.0000000    
   2.10533030E-02   68.0000000    
   2.11138204E-02   69.0000000    
   2.26279013E-02   70.0000000    
   2.26582158E-02   71.0000000    
   2.26789284E-02   72.0000000    
   2.26900633E-02   73.0000000    
   2.27011740E-02   74.0000000    
   2.26931777E-02   75.0000000    
   2.26756241E-02   76.0000000    
   2.26485301E-02   77.0000000    
   2.26119217E-02   78.0000000    
   2.25753281E-02   79.0000000    
   2.25292202E-02   80.0000000    
   2.24831402E-02   81.0000000    
   2.24371124E-02   82.0000000    
   2.23815907E-02   83.0000000    
   2.23260932E-02   84.0000000    
   2.22706590E-02   85.0000000    
   2.22057402E-02   86.0000000    
   2.21503917E-02   87.0000000    
   2.20855717E-02   88.0000000    
   2.20303051E-02   89.0000000    
   2.19655838E-02   90.0000000    
   2.19009165E-02   91.0000000    
   2.18363050E-02   92.0000000    
   2.17717402E-02   93.0000000    
   2.17167195E-02   94.0000000    
   2.16522682E-02   95.0000000    
   2.15005856E-02   96.0000000    
   2.11784821E-02   97.0000000    
   2.08552945E-02   98.0000000    
   2.05312241E-02   99.0000000    
   2.02064198E-02   100.000000    
   1.98810268E-02   101.000000    
   1.95552092E-02   102.000000    
   1.92290805E-02   103.000000    
   1.89028252E-02   104.000000    
   1.85766127E-02   105.000000    
   1.82505734E-02   106.000000    
   1.79248564E-02   107.000000    
   1.75996684E-02   108.000000    
   1.72751267E-02   109.000000    
   1.69513859E-02   110.000000    
   1.66285820E-02   111.000000    
   1.63069237E-02   112.000000    
   1.59865003E-02   113.000000    
   1.56675112E-02   114.000000    
   1.53500922E-02   115.000000    
   1.50343804E-02   116.000000    
   1.47205088E-02   117.000000    
   1.44086322E-02   118.000000    
   1.40989088E-02   119.000000    
   1.37914298E-02   120.000000    
   1.34864049E-02   121.000000    
   1.31838825E-02   122.000000    
   1.28840040E-02   123.000000    
   1.25869475E-02   124.000000    
   1.22927912E-02   125.000000    
   1.20016551E-02   126.000000    
   1.17136585E-02   127.000000    
   1.14289131E-02   128.000000    
   1.11474842E-02   129.000000    
   1.08695254E-02   130.000000    
   1.05950916E-02   131.000000    
   1.03242639E-02   132.000000    
   1.00571606E-02   133.000000    
   9.79386549E-03   134.000000    
   9.53444466E-03   135.000000    
   9.27897822E-03   136.000000    
   9.02747363E-03   137.000000    
   8.78004823E-03   138.000000    
   8.53674486E-03   139.000000    
   8.29762127E-03   140.000000    
   8.06268025E-03   141.000000    
   7.79016502E-03   142.000000    
   7.49888970E-03   143.000000    
   7.21644657E-03   144.000000    
   6.94273971E-03   145.000000    
   6.67753723E-03   146.000000    
   6.42076647E-03   147.000000    
   6.17221463E-03   148.000000    
   5.93177648E-03   149.000000    
   5.69927832E-03   150.000000    
