   4.58775663       0.00000000    
   4.57530355       1.00000000    
   4.56281757       2.00000000    
   4.55037308       3.00000000    
   4.53793001       4.00000000    
   4.52553129       5.00000000    
   4.51325560       6.00000000    
   4.50094986       7.00000000    
   4.48893166       8.00000000    
   4.47689295       9.00000000    
   4.46509218       10.0000000    
   4.45342398       11.0000000    
   4.44187403       12.0000000    
   4.43067217       13.0000000    
   4.41944599       14.0000000    
   4.40876579       15.0000000    
   4.39809704       16.0000000    
   4.38780785       17.0000000    
   4.37777805       18.0000000    
   4.36790609       19.0000000    
   4.35856438       20.0000000    
   4.34923649       21.0000000    
   4.34057617       22.0000000    
   4.33197451       23.0000000    
   4.32377768       24.0000000    
   4.31598806       25.0000000    
   4.30829954       26.0000000    
   4.30129051       27.0000000    
   4.29427052       28.0000000    
   4.28793478       29.0000000    
   4.28170538       30.0000000    
   4.27589417       31.0000000    
   4.27046251       32.0000000    
   4.26517963       33.0000000    
   4.26051235       34.0000000    
   4.25587893       35.0000000    
   4.25182486       36.0000000    
   4.24789953       37.0000000    
   4.24426079       38.0000000    
   4.24100494       39.0000000    
   4.23781586       40.0000000    
   4.23520899       41.0000000    
   4.23254395       42.0000000    
   4.23041105       43.0000000    
   4.22821331       44.0000000    
   4.22603035       45.0000000    
   4.22391701       46.0000000    
   4.22126627       47.0000000    
   4.21843576       48.0000000    
   4.21468306       49.0000000    
   4.21068907       50.0000000    
   4.20584917       51.0000000    
   4.20048904       52.0000000    
   4.19567156       53.0000000    
   4.19080448       54.0000000    
   4.18601894       55.0000000    
   4.18144035       56.0000000    
   4.17700672       57.0000000    
   4.17299223       58.0000000    
   4.16910076       59.0000000    
   4.16538143       60.0000000    
   4.16229868       61.0000000    
   4.15927792       62.0000000    
   4.15700197       63.0000000    
   4.15485144       64.0000000    
   4.15306950       65.0000000    
   4.15167761       66.0000000    
   4.15069723       67.0000000    
   4.14990664       68.0000000    
   4.14955378       69.0000000    
   4.11887121       70.0000000    
   4.11986589       71.0000000    
   4.12096977       72.0000000    
   4.12207127       73.0000000    
   4.12350702       74.0000000    
   4.12482929       75.0000000    
   4.12637377       76.0000000    
   4.12802935       77.0000000    
   4.12968349       78.0000000    
   4.13156080       79.0000000    
   4.13332558       80.0000000    
   4.13531303       81.0000000    
   4.13729954       82.0000000    
   4.13939714       83.0000000    
   4.14138126       84.0000000    
   4.14358854       85.0000000    
   4.14579487       86.0000000    
   4.14799929       87.0000000    
   4.15031481       88.0000000    
   4.15251780       89.0000000    
   4.15494204       90.0000000    
   4.15725279       91.0000000    
   4.15967417       92.0000000    
   4.16209412       93.0000000    
   4.16451263       94.0000000    
   4.16720104       95.0000000    
   4.17227793       96.0000000    
   4.17730761       97.0000000    
   4.18202543       98.0000000    
   4.18696022       99.0000000    
   4.19184732       100.000000    
   4.19694042       101.000000    
   4.20172739       102.000000    
   4.20646715       103.000000    
   4.21115923       104.000000    
   4.21604681       105.000000    
   4.22064066       106.000000    
   4.22542524       107.000000    
   4.23015738       108.000000    
   4.23460293       109.000000    
   4.23923302       110.000000    
   4.24381065       111.000000    
   4.24833536       112.000000    
   4.25258875       113.000000    
   4.25701475       114.000000    
   4.26138878       115.000000    
   4.26571178       116.000000    
   4.26998520       117.000000    
   4.27420855       118.000000    
   4.27838230       119.000000    
   4.28250742       120.000000    
   4.28638601       121.000000    
   4.29041719       122.000000    
   4.29440022       123.000000    
   4.29833651       124.000000    
   4.30222607       125.000000    
   4.30606937       126.000000    
   4.30986738       127.000000    
   4.31362009       128.000000    
   4.31732893       129.000000    
   4.32099438       130.000000    
   4.32461643       131.000000    
   4.32819510       132.000000    
   4.33173275       133.000000    
   4.33522940       134.000000    
   4.33868551       135.000000    
   4.34210157       136.000000    
   4.34547901       137.000000    
   4.34881783       138.000000    
   4.35211849       139.000000    
   4.35538292       140.000000    
   4.35861015       141.000000    
   4.36194324       142.000000    
   4.36531401       143.000000    
   4.36863136       144.000000    
   4.37189674       145.000000    
   4.37511349       146.000000    
   4.37828112       147.000000    
   4.38140345       148.000000    
   4.38448000       149.000000    
   4.38751364       150.000000    
