0 0
251.04 1
462.12 2
634.25 3
772.9 4
882.7 5
966.6 6
1029 7
1075.3 8
1113.8 9
1167.6 10
1221 11
1251.5 12
1257.2 13
1261.9 14
1266 15
1269.5 16
1272.5 17
1275 18
1277 19
1278.7 20
1280.3 21
1281.8 22
1283.3 23
1284.7 24
1286.2 25
1287.5 26
1288.9 27
1290.3 28
1291.7 29
1293.1 30
1294.4 31
1295.8 32
1297.2 33
1298.6 34
1299.9 35
1301.3 36
1302.7 37
1304.1 38
1305.4 39
1306.8 40
1308.2 41
1309.5 42
1310.9 43
1312.3 44
1313.6 45
1315 46
1316.3 47
1317.7 48
1319 49
1320.3 50
1321.7 51
1323 52
1324.3 53
1325.6 54
1326.9 55
1328.2 56
1329.5 57
1330.7 58
1332 59
1333.2 60
1334.5 61
1335.7 62
1336.9 63
1338.1 64
1339.3 65
1340.4 66
1341.6 67
1342.7 68
1343.7 69
1344.8 70
1345.8 71
1346.9 72
1347.8 73
1348.6 74
1349.1 75
1349.4 76
1349.6 77
1349.7 78
1349.8 79
1349.9 80
1349.9 81
1349.9 82
1350 83
1350 84
1350 85
1350 86
1350 87
1350 88
1350 89
1350 90
1350 91
1350 92
1350 93
1350 94
1350 95
1350 96
1350 97
1350 98
1350 99
1350 100
1350 101
1350 102
1350 103
1350 104
1350 105
1350 106
1350 107
1350 108
1350 109
1350 110
1350 111
1350 112
1350 113
1350 114
1350 115
1350 116
1350 117
1350 118
1350 119
1350 120
1350 121
1350 122
1350 123
1350 124
1350 125
1350 126
1350 127
1350 128
1350 129
1350 130
1350 131
1350 132
1350 133
1350 134
1350 135
1350 136
1350 137
1350 138
1350 139
1350 140
1350 141
1350 142
1350 143
1350 144
1350 145
1350 146
1350 147
1350 148
1350 149
1350 150
