   2.00000009E-03   0.00000000    
   2.00000009E-03   1.00000000    
   2.00000009E-03   2.00000000    
   2.00000009E-03   3.00000000    
   2.00000009E-03   4.00000000    
   2.00000009E-03   5.00000000    
   2.00000009E-03   6.00000000    
   2.00000009E-03   7.00000000    
   2.00000009E-03   8.00000000    
   6.14594016E-03   9.00000000    
   1.07510043E-02   10.0000000    
   1.46519672E-02   11.0000000    
   1.70110781E-02   12.0000000    
   1.74088199E-02   13.0000000    
   1.77265927E-02   14.0000000    
   1.79961883E-02   15.0000000    
   1.82172805E-02   16.0000000    
   1.83978081E-02   17.0000000    
   1.85376350E-02   18.0000000    
   1.86367035E-02   19.0000000    
   1.87112838E-02   20.0000000    
   1.87776871E-02   21.0000000    
   1.88359059E-02   22.0000000    
   1.88940801E-02   23.0000000    
   1.89440567E-02   24.0000000    
   1.90021694E-02   25.0000000    
   1.90439504E-02   26.0000000    
   1.90938413E-02   27.0000000    
   1.91437043E-02   28.0000000    
   1.91935226E-02   29.0000000    
   1.92433018E-02   30.0000000    
   1.92849319E-02   31.0000000    
   1.93346515E-02   32.0000000    
   1.93843320E-02   33.0000000    
   1.94339734E-02   34.0000000    
   1.94754601E-02   35.0000000    
   1.95250493E-02   36.0000000    
   1.95745826E-02   37.0000000    
   1.96240898E-02   38.0000000    
   1.96654424E-02   39.0000000    
   1.97148751E-02   40.0000000    
   1.97642669E-02   41.0000000    
   1.98055208E-02   42.0000000    
   1.98548324E-02   43.0000000    
   1.99041199E-02   44.0000000    
   1.99452601E-02   45.0000000    
   1.99944731E-02   46.0000000    
   2.00355444E-02   47.0000000    
   2.00846717E-02   48.0000000    
   2.01256834E-02   49.0000000    
   2.01666523E-02   50.0000000    
   2.02156715E-02   51.0000000    
   2.02565640E-02   52.0000000    
   2.02974342E-02   53.0000000    
   2.03382559E-02   54.0000000    
   2.03790609E-02   55.0000000    
   2.04198044E-02   56.0000000    
   2.04605423E-02   57.0000000    
   2.04931609E-02   58.0000000    
   2.05338355E-02   59.0000000    
   2.05663890E-02   60.0000000    
   2.06069946E-02   61.0000000    
   2.06394866E-02   62.0000000    
   2.06719749E-02   63.0000000    
   2.07044277E-02   64.0000000    
   2.07368508E-02   65.0000000    
   2.07612123E-02   66.0000000    
   2.06676442E-02   67.0000000    
   2.03241445E-02   68.0000000    
   1.99549086E-02   69.0000000    
   1.96076017E-02   70.0000000    
   1.92345902E-02   71.0000000    
   1.88842472E-02   72.0000000    
   1.84838809E-02   73.0000000    
   1.80573370E-02   74.0000000    
   1.75549965E-02   75.0000000    
   1.70008428E-02   76.0000000    
   1.64198782E-02   77.0000000    
   1.58126503E-02   78.0000000    
   1.52050583E-02   79.0000000    
   1.45981479E-02   80.0000000    
   1.39677916E-02   81.0000000    
   1.33404657E-02   82.0000000    
   1.27422148E-02   83.0000000    
   1.21243792E-02   84.0000000    
   1.15132546E-02   85.0000000    
   1.09100733E-02   86.0000000    
   1.03161009E-02   87.0000000    
   9.73260682E-03   88.0000000    
   9.16074309E-03   89.0000000    
   8.44848901E-03   90.0000000    
   7.73045048E-03   91.0000000    
   7.05313543E-03   92.0000000    
   6.41625561E-03   93.0000000    
   5.81947388E-03   94.0000000    
   5.26220677E-03   95.0000000    
   4.74368408E-03   96.0000000    
   4.26301733E-03   97.0000000    
   3.81916622E-03   98.0000000    
   3.41098616E-03   99.0000000    
   3.03716445E-03   100.000000    
   2.73389346E-03   101.000000    
   2.47912528E-03   102.000000    
   2.24440056E-03   103.000000    
   2.02889228E-03   104.000000    
   2.00000009E-03   105.000000    
   2.00000009E-03   106.000000    
   2.00000009E-03   107.000000    
   2.00000009E-03   108.000000    
   2.00000009E-03   109.000000    
   2.00000009E-03   110.000000    
   2.00000009E-03   111.000000    
   2.00000009E-03   112.000000    
   2.00000009E-03   113.000000    
   2.00000009E-03   114.000000    
   2.00000009E-03   115.000000    
   2.00000009E-03   116.000000    
   2.00000009E-03   117.000000    
   2.00000009E-03   118.000000    
   2.00000009E-03   119.000000    
   2.00000009E-03   120.000000    
   2.00000009E-03   121.000000    
   2.00000009E-03   122.000000    
   2.00000009E-03   123.000000    
   2.00000009E-03   124.000000    
   2.00000009E-03   125.000000    
   2.00000009E-03   126.000000    
   2.00000009E-03   127.000000    
   2.00000009E-03   128.000000    
   2.00000009E-03   129.000000    
   2.00000009E-03   130.000000    
   2.00000009E-03   131.000000    
   2.00000009E-03   132.000000    
   2.00000009E-03   133.000000    
   2.00000009E-03   134.000000    
   2.00000009E-03   135.000000    
   2.00000009E-03   136.000000    
   2.00000009E-03   137.000000    
   2.00000009E-03   138.000000    
   2.00000009E-03   139.000000    
   2.00000009E-03   140.000000    
   2.00000009E-03   141.000000    
   2.00000009E-03   142.000000    
   2.00000009E-03   143.000000    
   2.00000009E-03   144.000000    
   2.00000009E-03   145.000000    
   2.00000009E-03   146.000000    
   2.00000009E-03   147.000000    
   2.00000009E-03   148.000000    
   2.00000009E-03   149.000000    
   2.00000009E-03   150.000000    
