   2.00000009E-03   0.00000000    
   2.00000009E-03   1.00000000    
   2.00000009E-03   2.00000000    
   2.00000009E-03   3.00000000    
   2.00000009E-03   4.00000000    
   2.00000009E-03   5.00000000    
   2.00000009E-03   6.00000000    
   2.00000009E-03   7.00000000    
   2.00000009E-03   8.00000000    
   2.00000009E-03   9.00000000    
   2.00000009E-03   10.0000000    
   2.00000009E-03   11.0000000    
   2.00000009E-03   12.0000000    
   2.00000009E-03   13.0000000    
   3.14384070E-03   14.0000000    
   7.87803438E-03   15.0000000    
   1.04668736E-02   16.0000000    
   1.20417625E-02   17.0000000    
   1.34322410E-02   18.0000000    
   1.46297337E-02   19.0000000    
   1.56414080E-02   20.0000000    
   1.64608099E-02   21.0000000    
   1.71193518E-02   22.0000000    
   1.76446661E-02   23.0000000    
   1.80748105E-02   24.0000000    
   1.84086319E-02   25.0000000    
   1.86697710E-02   26.0000000    
   1.88660212E-02   27.0000000    
   1.90135092E-02   28.0000000    
   1.91284362E-02   29.0000000    
   1.92189105E-02   30.0000000    
   1.92930624E-02   31.0000000    
   1.93509106E-02   32.0000000    
   1.94087196E-02   33.0000000    
   1.94664951E-02   34.0000000    
   1.95160918E-02   35.0000000    
   1.95575301E-02   36.0000000    
   1.96070597E-02   37.0000000    
   1.96484476E-02   38.0000000    
   1.96979083E-02   39.0000000    
   1.97473224E-02   40.0000000    
   1.97885968E-02   41.0000000    
   1.98379513E-02   42.0000000    
   1.98791493E-02   43.0000000    
   1.99284256E-02   44.0000000    
   1.99695695E-02   45.0000000    
   2.00187676E-02   46.0000000    
   2.00598296E-02   47.0000000    
   2.01089494E-02   48.0000000    
   2.01499481E-02   49.0000000    
   2.01989952E-02   50.0000000    
   2.02399138E-02   51.0000000    
   2.02808045E-02   52.0000000    
   2.03216579E-02   53.0000000    
   2.03705598E-02   54.0000000    
   2.04113461E-02   55.0000000    
   2.04520766E-02   56.0000000    
   2.04847381E-02   57.0000000    
   2.05254126E-02   58.0000000    
   2.05660649E-02   59.0000000    
   2.05986071E-02   60.0000000    
   2.06391942E-02   61.0000000    
   2.06716843E-02   62.0000000    
   2.07041595E-02   63.0000000    
   2.07365882E-02   64.0000000    
   2.07609627E-02   65.0000000    
   2.07853056E-02   66.0000000    
   2.07143687E-02   67.0000000    
   2.03712694E-02   68.0000000    
   2.00024620E-02   69.0000000    
   1.96315628E-02   70.0000000    
   1.92587394E-02   71.0000000    
   1.88842472E-02   72.0000000    
   1.84838809E-02   73.0000000    
   1.80326905E-02   74.0000000    
   1.75301898E-02   75.0000000    
   1.69759244E-02   76.0000000    
   1.63948331E-02   77.0000000    
   1.58126503E-02   78.0000000    
   1.52050583E-02   79.0000000    
              NaN   80.0000000    
              NaN   81.0000000    
   1.33404657E-02   82.0000000    
   1.27173522E-02   83.0000000    
   1.21243792E-02   84.0000000    
   1.15132546E-02   85.0000000    
   1.09100733E-02   86.0000000    
   1.03161009E-02   87.0000000    
   9.73260682E-03   88.0000000    
   9.16074309E-03   89.0000000    
   8.44848901E-03   90.0000000    
   7.73045048E-03   91.0000000    
   7.05313543E-03   92.0000000    
   6.41625561E-03   93.0000000    
   5.81947388E-03   94.0000000    
   5.26220677E-03   95.0000000    
   4.74368408E-03   96.0000000    
   4.26301733E-03   97.0000000    
   3.81916622E-03   98.0000000    
   3.41098616E-03   99.0000000    
   3.03716445E-03   100.000000    
   2.73389346E-03   101.000000    
   2.47912528E-03   102.000000    
   2.24440056E-03   103.000000    
   2.02889228E-03   104.000000    
   2.00000009E-03   105.000000    
   2.00000009E-03   106.000000    
   2.00000009E-03   107.000000    
   2.00000009E-03   108.000000    
   2.00000009E-03   109.000000    
   2.00000009E-03   110.000000    
   2.00000009E-03   111.000000    
   2.00000009E-03   112.000000    
   2.00000009E-03   113.000000    
   2.00000009E-03   114.000000    
   2.00000009E-03   115.000000    
   2.00000009E-03   116.000000    
   2.00000009E-03   117.000000    
   2.00000009E-03   118.000000    
   2.00000009E-03   119.000000    
   2.00000009E-03   120.000000    
   2.00000009E-03   121.000000    
   2.00000009E-03   122.000000    
   2.00000009E-03   123.000000    
   2.00000009E-03   124.000000    
   2.00000009E-03   125.000000    
   2.00000009E-03   126.000000    
   2.00000009E-03   127.000000    
   2.00000009E-03   128.000000    
   2.00000009E-03   129.000000    
   2.00000009E-03   130.000000    
   2.00000009E-03   131.000000    
   2.00000009E-03   132.000000    
   2.00000009E-03   133.000000    
   2.00000009E-03   134.000000    
   2.00000009E-03   135.000000    
   2.00000009E-03   136.000000    
   2.00000009E-03   137.000000    
   2.00000009E-03   138.000000    
   2.00000009E-03   139.000000    
   2.00000009E-03   140.000000    
   2.00000009E-03   141.000000    
   2.00000009E-03   142.000000    
   2.00000009E-03   143.000000    
   2.00000009E-03   144.000000    
   2.00000009E-03   145.000000    
   2.00000009E-03   146.000000    
   2.00000009E-03   147.000000    
   2.00000009E-03   148.000000    
   2.00000009E-03   149.000000    
   2.00000009E-03   150.000000    
