   4.68534184       0.00000000    
   4.66654444       1.00000000    
   4.64767075       2.00000000    
   4.62895298       3.00000000    
   4.61028147       4.00000000    
   4.59176445       5.00000000    
   4.57368469       6.00000000    
   4.55552816       7.00000000    
   4.53829670       8.00000000    
   4.52102900       9.00000000    
   4.50449705       10.0000000    
   4.48838806       11.0000000    
   4.47264767       12.0000000    
   4.45794773       13.0000000    
   4.44319534       14.0000000    
   4.42996979       15.0000000    
   4.41681623       16.0000000    
   4.40467787       17.0000000    
   4.39318514       18.0000000    
   4.38215399       19.0000000    
   4.37238359       20.0000000    
   4.36262941       21.0000000    
   4.35437632       22.0000000    
   4.34629726       23.0000000    
   4.33882189       24.0000000    
   4.33187103       25.0000000    
   4.32403421       26.0000000    
   4.31389904       27.0000000    
   4.30135345       28.0000000    
   4.28621626       29.0000000    
   4.26882315       30.0000000    
   4.25048065       31.0000000    
   4.23921680       32.0000000    
   4.23194218       33.0000000    
   4.22532988       34.0000000    
   4.21961260       35.0000000    
   4.21457767       36.0000000    
   4.21016932       37.0000000    
   4.20641994       38.0000000    
   4.20325994       39.0000000    
   4.20061541       40.0000000    
   4.19850159       41.0000000    
   4.19692898       42.0000000    
   4.19581461       43.0000000    
   4.19497252       44.0000000    
   4.19460011       45.0000000    
   4.19441271       46.0000000    
   4.19460440       47.0000000    
   4.19508362       48.0000000    
   4.19575357       49.0000000    
   4.19651794       50.0000000    
   4.19747448       51.0000000    
   4.19852781       52.0000000    
   4.19967699       53.0000000    
   4.20092201       54.0000000    
   4.20216608       55.0000000    
   4.20340919       56.0000000    
   4.20474958       57.0000000    
   4.20608807       58.0000000    
   4.20752382       59.0000000    
   4.20886040       60.0000000    
   4.21029425       61.0000000    
   4.21172762       62.0000000    
   4.21325779       63.0000000    
   4.21468925       64.0000000    
   4.21621799       65.0000000    
   4.21764755       66.0000000    
   4.22281408       67.0000000    
   4.22828293       68.0000000    
   4.23343039       69.0000000    
   4.23875237       70.0000000    
   4.24399948       71.0000000    
   4.24940777       72.0000000    
   4.25496578       73.0000000    
   4.26043463       74.0000000    
   4.26626158       75.0000000    
   4.27220106       76.0000000    
   4.27824020       77.0000000    
   4.28436232       78.0000000    
   4.29034662       79.0000000    
   4.29639244       80.0000000    
   4.30228996       81.0000000    
   4.30803919       82.0000000    
   4.31382132       83.0000000    
   4.31944466       84.0000000    
   4.32490873       85.0000000    
   4.33037853       86.0000000    
   4.33552217       87.0000000    
   4.34066248       88.0000000    
   4.34549332       89.0000000    
   4.35084963       90.0000000    
   4.35606146       91.0000000    
   4.36100483       92.0000000    
   4.36569500       93.0000000    
   4.37002468       94.0000000    
   4.37426138       95.0000000    
   4.37828970       96.0000000    
   4.38212299       97.0000000    
   4.38577652       98.0000000    
   4.38926315       99.0000000    
   4.39259672       100.000000    
   4.39567900       101.000000    
   4.39858818       102.000000    
   4.40141582       103.000000    
   4.40416908       104.000000    
   4.40685177       105.000000    
   4.40947056       106.000000    
   4.41203213       107.000000    
   4.41454029       108.000000    
   4.41700029       109.000000    
   4.41941738       110.000000    
   4.42179585       111.000000    
   4.42413902       112.000000    
   4.42639542       113.000000    
   4.42858410       114.000000    
   4.43076944       115.000000    
   4.43295336       116.000000    
   4.43513441       117.000000    
   4.43731308       118.000000    
   4.43948793       119.000000    
   4.44162941       120.000000    
   4.44376850       121.000000    
   4.44590759       122.000000    
   4.44804478       123.000000    
   4.45018053       124.000000    
   4.45231628       125.000000    
   4.45445013       126.000000    
   4.45658302       127.000000    
   4.45871496       128.000000    
   4.46084499       129.000000    
   4.46297455       130.000000    
   4.46510267       131.000000    
   4.46722984       132.000000    
   4.46935654       133.000000    
   4.47148085       134.000000    
   4.47360516       135.000000    
   4.47572756       136.000000    
   4.47784948       137.000000    
   4.47996950       138.000000    
   4.48208952       139.000000    
   4.48420763       140.000000    
   4.48632479       141.000000    
   4.48844099       142.000000    
   4.49055576       143.000000    
   4.49267006       144.000000    
   4.49478292       145.000000    
   4.49689388       146.000000    
   4.49900532       147.000000    
   4.50111437       148.000000    
   4.50322294       149.000000    
   4.50533056       150.000000    
