   2.00000009E-03   0.00000000    
   2.00000009E-03   1.00000000    
   2.00000009E-03   2.00000000    
   2.00000009E-03   3.00000000    
   2.00000009E-03   4.00000000    
   2.00000009E-03   5.00000000    
   2.00000009E-03   6.00000000    
   2.00000009E-03   7.00000000    
   2.00000009E-03   8.00000000    
   2.00000009E-03   9.00000000    
   2.00000009E-03   10.0000000    
   2.00000009E-03   11.0000000    
   2.00000009E-03   12.0000000    
   2.00000009E-03   13.0000000    
   2.00000009E-03   14.0000000    
   2.00000009E-03   15.0000000    
   2.00000009E-03   16.0000000    
   2.00000009E-03   17.0000000    
   2.00000009E-03   18.0000000    
   2.00000009E-03   19.0000000    
   2.00000009E-03   20.0000000    
   2.00000009E-03   21.0000000    
   2.00000009E-03   22.0000000    
   2.00000009E-03   23.0000000    
   2.00000009E-03   24.0000000    
   2.00000009E-03   25.0000000    
   2.00000009E-03   26.0000000    
   2.51399702E-03   27.0000000    
   4.55713784E-03   28.0000000    
   6.96591986E-03   29.0000000    
   9.53348260E-03   30.0000000    
   1.20084016E-02   31.0000000    
   1.33539857E-02   32.0000000    
   1.41737871E-02   33.0000000    
   1.49299465E-02   34.0000000    
   1.56020299E-02   35.0000000    
   1.62096564E-02   36.0000000    
   1.67582408E-02   37.0000000    
   1.72460582E-02   38.0000000    
   1.76797807E-02   39.0000000    
   1.80665944E-02   40.0000000    
   1.84059273E-02   41.0000000    
   1.86973382E-02   42.0000000    
   1.89486425E-02   43.0000000    
   1.91758350E-02   44.0000000    
   1.93626396E-02   45.0000000    
   1.95332617E-02   46.0000000    
   1.96714848E-02   47.0000000    
   1.97854023E-02   48.0000000    
   1.98830888E-02   49.0000000    
   1.99726429E-02   50.0000000    
   2.00459510E-02   51.0000000    
   2.01111436E-02   52.0000000    
   2.01682132E-02   53.0000000    
   2.02171672E-02   54.0000000    
   2.02660728E-02   55.0000000    
   2.03149486E-02   56.0000000    
   2.03557052E-02   57.0000000    
   2.03964449E-02   58.0000000    
   2.04290785E-02   59.0000000    
   2.04697512E-02   60.0000000    
   2.05023214E-02   61.0000000    
   2.05348898E-02   62.0000000    
   2.05593687E-02   63.0000000    
   2.05918625E-02   64.0000000    
   2.06163041E-02   65.0000000    
   2.06487477E-02   66.0000000    
   2.03158371E-02   67.0000000    
   1.99455544E-02   68.0000000    
   1.95969958E-02   69.0000000    
   1.92228090E-02   70.0000000    
   1.88469347E-02   71.0000000    
   1.84451528E-02   72.0000000    
   1.80172976E-02   73.0000000    
   1.75879020E-02   74.0000000    
   1.71076953E-02   75.0000000    
   1.66012421E-02   76.0000000    
   1.60688385E-02   77.0000000    
   1.55109763E-02   78.0000000    
   1.49533721E-02   79.0000000    
   1.43717127E-02   80.0000000    
   1.37920538E-02   81.0000000    
   1.32154487E-02   82.0000000    
   1.26179252E-02   83.0000000    
   1.20257353E-02   84.0000000    
   1.14399986E-02   85.0000000    
   1.08377207E-02   86.0000000    
   1.02685820E-02   87.0000000    
   9.68587305E-03   88.0000000    
   9.13782697E-03   89.0000000    
   8.42022337E-03   90.0000000    
   7.70362373E-03   91.0000000    
   7.02777086E-03   92.0000000    
   6.39235601E-03   93.0000000    
   5.81947388E-03   94.0000000    
   5.26220677E-03   95.0000000    
   4.74368408E-03   96.0000000    
   4.26301733E-03   97.0000000    
   3.81916622E-03   98.0000000    
   3.41098616E-03   99.0000000    
   3.03716445E-03   100.000000    
   2.73389346E-03   101.000000    
   2.47912528E-03   102.000000    
   2.24440056E-03   103.000000    
   2.02889228E-03   104.000000    
   2.00000009E-03   105.000000    
   2.00000009E-03   106.000000    
   2.00000009E-03   107.000000    
   2.00000009E-03   108.000000    
   2.00000009E-03   109.000000    
   2.00000009E-03   110.000000    
   2.00000009E-03   111.000000    
   2.00000009E-03   112.000000    
   2.00000009E-03   113.000000    
   2.00000009E-03   114.000000    
   2.00000009E-03   115.000000    
   2.00000009E-03   116.000000    
   2.00000009E-03   117.000000    
   2.00000009E-03   118.000000    
   2.00000009E-03   119.000000    
   2.00000009E-03   120.000000    
   2.00000009E-03   121.000000    
   2.00000009E-03   122.000000    
   2.00000009E-03   123.000000    
   2.00000009E-03   124.000000    
   2.00000009E-03   125.000000    
   2.00000009E-03   126.000000    
   2.00000009E-03   127.000000    
   2.00000009E-03   128.000000    
   2.00000009E-03   129.000000    
   2.00000009E-03   130.000000    
   2.00000009E-03   131.000000    
   2.00000009E-03   132.000000    
   2.00000009E-03   133.000000    
   2.00000009E-03   134.000000    
   2.00000009E-03   135.000000    
   2.00000009E-03   136.000000    
   2.00000009E-03   137.000000    
   2.00000009E-03   138.000000    
   2.00000009E-03   139.000000    
   2.00000009E-03   140.000000    
   2.00000009E-03   141.000000    
   2.00000009E-03   142.000000    
   2.00000009E-03   143.000000    
   2.00000009E-03   144.000000    
   2.00000009E-03   145.000000    
   2.00000009E-03   146.000000    
   2.00000009E-03   147.000000    
   2.00000009E-03   148.000000    
   2.00000009E-03   149.000000    
   2.00000009E-03   150.000000    
