   4.68534184       0.00000000    
   4.67314959       1.00000000    
   4.66092491       2.00000000    
   4.64874268       3.00000000    
   4.63656425       4.00000000    
   4.62442923       5.00000000    
   4.61241722       6.00000000    
   4.60037661       7.00000000    
   4.58861971       8.00000000    
   4.57684231       9.00000000    
   4.56530046       10.0000000    
   4.55388880       11.0000000    
   4.54259491       12.0000000    
   4.53164148       13.0000000    
   4.52066565       14.0000000    
   4.51022577       15.0000000    
   4.49979782       16.0000000    
   4.48974085       17.0000000    
   4.47993946       18.0000000    
   4.47029400       19.0000000    
   4.46116590       20.0000000    
   4.45205307       21.0000000    
   4.44359303       22.0000000    
   4.43519211       23.0000000    
   4.42718601       24.0000000    
   4.41957855       25.0000000    
   4.41207027       26.0000000    
   4.40522671       27.0000000    
   4.39837217       28.0000000    
   4.39218664       29.0000000    
   4.38610601       30.0000000    
   4.38043261       31.0000000    
   4.37513065       32.0000000    
   4.36997461       33.0000000    
   4.36541939       34.0000000    
   4.36089754       35.0000000    
   4.35692024       36.0000000    
   4.35305882       37.0000000    
   4.34942150       38.0000000    
   4.34599590       39.0000000    
   4.34220552       40.0000000    
   4.33835506       41.0000000    
   4.33334970       42.0000000    
   4.32798576       43.0000000    
   4.32202530       44.0000000    
   4.31552935       45.0000000    
   4.30904579       46.0000000    
   4.30163670       47.0000000    
   4.29513121       48.0000000    
   4.28798056       49.0000000    
   4.28177977       50.0000000    
   4.27550793       51.0000000    
   4.26961660       52.0000000    
   4.26441669       53.0000000    
   4.25981045       54.0000000    
   4.25587797       55.0000000    
   4.25268269       56.0000000    
   4.25005579       57.0000000    
   4.24825525       58.0000000    
   4.24685907       59.0000000    
   4.24588251       60.0000000    
   4.24579382       61.0000000    
   4.24591637       62.0000000    
   4.24694395       63.0000000    
   4.24818611       64.0000000    
   4.24987221       65.0000000    
   4.25199938       66.0000000    
   4.25456142       67.0000000    
   4.25732470       68.0000000    
   4.26050949       69.0000000    
   4.26410198       70.0000000    
   4.26787186       71.0000000    
   4.27181101       72.0000000    
   4.27569723       73.0000000    
   4.28016186       74.0000000    
   4.28434944       75.0000000    
   4.28887939       76.0000000    
   4.29353094       77.0000000    
   4.29809856       78.0000000    
   4.30296183       79.0000000    
   4.30753994       80.0000000    
   4.31238937       81.0000000    
   4.31713009       82.0000000    
   4.32193518       83.0000000    
   4.32645750       84.0000000    
   4.33119678       85.0000000    
   4.33581209       86.0000000    
   4.34030533       87.0000000    
   4.34482288       88.0000000    
   4.34947538       89.0000000    
   4.35441351       90.0000000    
   4.35897493       91.0000000    
   4.36346579       92.0000000    
   4.36774635       93.0000000    
   4.37182951       94.0000000    
   4.37572813       95.0000000    
   4.37955618       96.0000000    
   4.38321018       97.0000000    
   4.38661003       98.0000000    
   4.38995743       99.0000000    
   4.39316654       100.000000    
   4.39617395       101.000000    
   4.39899349       102.000000    
   4.40173817       103.000000    
   4.40441561       104.000000    
   4.40708828       105.000000    
   4.40964127       106.000000    
   4.41219616       107.000000    
   4.41469812       108.000000    
   4.41710186       109.000000    
   4.41951609       110.000000    
   4.42189121       111.000000    
   4.42423153       112.000000    
   4.42643642       113.000000    
   4.42862511       114.000000    
   4.43081045       115.000000    
   4.43299437       116.000000    
   4.43517542       117.000000    
   4.43735409       118.000000    
   4.43952799       119.000000    
   4.44166851       120.000000    
   4.44376850       121.000000    
   4.44590759       122.000000    
   4.44804478       123.000000    
   4.45018053       124.000000    
   4.45231628       125.000000    
   4.45445013       126.000000    
   4.45658302       127.000000    
   4.45871496       128.000000    
   4.46084499       129.000000    
   4.46297455       130.000000    
   4.46510267       131.000000    
   4.46722984       132.000000    
   4.46935654       133.000000    
   4.47148085       134.000000    
   4.47360516       135.000000    
   4.47572756       136.000000    
   4.47784948       137.000000    
   4.47996950       138.000000    
   4.48208952       139.000000    
   4.48420763       140.000000    
   4.48632479       141.000000    
   4.48844099       142.000000    
   4.49055576       143.000000    
   4.49267006       144.000000    
   4.49478292       145.000000    
   4.49689388       146.000000    
   4.49900532       147.000000    
   4.50111437       148.000000    
   4.50322294       149.000000    
   4.50533056       150.000000    
