   4.68534184       0.00000000    
   4.59773684       1.00000000    
   4.52309561       2.00000000    
   4.46169376       3.00000000    
   4.41202974       4.00000000    
   4.37274885       5.00000000    
   4.34300613       6.00000000    
   4.32131290       7.00000000    
   4.30571175       8.00000000    
   4.29299164       9.00000000    
   4.27383471       10.0000000    
   4.23742676       11.0000000    
   4.19238520       12.0000000    
   4.18495131       13.0000000    
   4.17920256       14.0000000    
   4.17450666       15.0000000    
   4.17099810       16.0000000    
   4.16854286       17.0000000    
   4.16720724       18.0000000    
   4.16703653       19.0000000    
   4.16757107       20.0000000    
   4.16833067       21.0000000    
   4.16931772       22.0000000    
   4.17028713       23.0000000    
   4.17148685       24.0000000    
   4.17242241       25.0000000    
   4.17383671       26.0000000    
   4.17498779       27.0000000    
   4.17612171       28.0000000    
   4.17723894       29.0000000    
   4.17833948       30.0000000    
   4.17967367       31.0000000    
   4.18074036       32.0000000    
   4.18179035       33.0000000    
   4.18282318       34.0000000    
   4.18409157       35.0000000    
   4.18509054       36.0000000    
   4.18607187       37.0000000    
   4.18703461       38.0000000    
   4.18823576       39.0000000    
   4.18916368       40.0000000    
   4.19007444       41.0000000    
   4.19122314       42.0000000    
   4.19209766       43.0000000    
   4.19295359       44.0000000    
   4.19405031       45.0000000    
   4.19486904       46.0000000    
   4.19593000       47.0000000    
   4.19671297       48.0000000    
   4.19773769       49.0000000    
   4.19874525       50.0000000    
   4.19947100       51.0000000    
   4.20044136       52.0000000    
   4.20139360       53.0000000    
   4.20232773       54.0000000    
   4.20324326       55.0000000    
   4.20414019       56.0000000    
   4.20501804       57.0000000    
   4.20614576       58.0000000    
   4.20698643       59.0000000    
   4.20807838       60.0000000    
   4.20888186       61.0000000    
   4.20993662       62.0000000    
   4.21097326       63.0000000    
   4.21199083       64.0000000    
   4.21299076       65.0000000    
   4.21424484       66.0000000    
   4.21520758       67.0000000    
   4.21642542       68.0000000    
   4.21789980       69.0000000    
   4.20572853       70.0000000    
   4.20722198       71.0000000    
   4.20859909       72.0000000    
   4.21020603       73.0000000    
   4.21192789       74.0000000    
   4.21399450       75.0000000    
   4.21629143       76.0000000    
   4.21870232       77.0000000    
   4.22122574       78.0000000    
   4.22374821       79.0000000    
   4.22626925       80.0000000    
   4.22890282       81.0000000    
   4.23153400       82.0000000    
   4.23404980       83.0000000    
   4.23667765       84.0000000    
   4.23930359       85.0000000    
   4.24192810       86.0000000    
   4.24455023       87.0000000    
   4.24717045       88.0000000    
   4.24978924       89.0000000    
   4.25240517       90.0000000    
   4.25501966       91.0000000    
   4.25763178       92.0000000    
   4.26024199       93.0000000    
   4.26285124       94.0000000    
   4.26545763       95.0000000    
   4.26901484       96.0000000    
   4.27438831       97.0000000    
   4.27970695       98.0000000    
   4.28497171       99.0000000    
   4.29018116       100.000000    
   4.29533625       101.000000    
   4.30043650       102.000000    
   4.30548286       103.000000    
   4.31047344       104.000000    
   4.31541061       105.000000    
   4.32029295       106.000000    
   4.32512093       107.000000    
   4.32989502       108.000000    
   4.33461475       109.000000    
   4.33928108       110.000000    
   4.34389400       111.000000    
   4.34845352       112.000000    
   4.35295963       113.000000    
   4.35741377       114.000000    
   4.36181498       115.000000    
   4.36616468       116.000000    
   4.37046194       117.000000    
   4.37470865       118.000000    
   4.37890387       119.000000    
   4.38304949       120.000000    
   4.38714457       121.000000    
   4.39119053       122.000000    
   4.39518690       123.000000    
   4.39913607       124.000000    
   4.40303659       125.000000    
   4.40688944       126.000000    
   4.41069603       127.000000    
   4.41445589       128.000000    
   4.41817093       129.000000    
   4.42184067       130.000000    
   4.42546654       131.000000    
   4.42904854       132.000000    
   4.43258810       133.000000    
   4.43608379       134.000000    
   4.43953896       135.000000    
   4.44295263       136.000000    
   4.44632673       137.000000    
   4.44966078       138.000000    
   4.45295620       139.000000    
   4.45621347       140.000000    
   4.45943356       141.000000    
   4.46276331       142.000000    
   4.46613312       143.000000    
   4.46944857       144.000000    
   4.47271013       145.000000    
   4.47591972       146.000000    
   4.47908068       147.000000    
   4.48219347       148.000000    
   4.48525906       149.000000    
   4.48828125       150.000000    
