   2.00000009E-03   0.00000000    
   2.00000009E-03   1.00000000    
   2.00000009E-03   2.00000000    
   2.00000009E-03   3.00000000    
   2.00000009E-03   4.00000000    
   2.00000009E-03   5.00000000    
   2.00000009E-03   6.00000000    
   2.00000009E-03   7.00000000    
   2.00000009E-03   8.00000000    
   2.00000009E-03   9.00000000    
   2.00000009E-03   10.0000000    
   2.00000009E-03   11.0000000    
   2.00000009E-03   12.0000000    
   2.00000009E-03   13.0000000    
   2.00000009E-03   14.0000000    
   2.00000009E-03   15.0000000    
   2.00000009E-03   16.0000000    
   2.00000009E-03   17.0000000    
   2.00000009E-03   18.0000000    
   2.00000009E-03   19.0000000    
   2.00000009E-03   20.0000000    
   2.00000009E-03   21.0000000    
   2.00000009E-03   22.0000000    
   2.00000009E-03   23.0000000    
   2.00000009E-03   24.0000000    
   2.00000009E-03   25.0000000    
   2.00000009E-03   26.0000000    
   2.00000009E-03   27.0000000    
   2.00000009E-03   28.0000000    
   2.00000009E-03   29.0000000    
   2.00000009E-03   30.0000000    
   2.00000009E-03   31.0000000    
   2.00000009E-03   32.0000000    
   2.00000009E-03   33.0000000    
   2.00000009E-03   34.0000000    
   2.00000009E-03   35.0000000    
   2.00000009E-03   36.0000000    
   2.00000009E-03   37.0000000    
   2.00000009E-03   38.0000000    
   2.00000009E-03   39.0000000    
   2.00000009E-03   40.0000000    
   2.00000009E-03   41.0000000    
   2.00000009E-03   42.0000000    
   2.00000009E-03   43.0000000    
   2.00000009E-03   44.0000000    
   2.00000009E-03   45.0000000    
   2.00000009E-03   46.0000000    
   2.00000009E-03   47.0000000    
   2.12315237E-03   48.0000000    
   3.09053389E-03   49.0000000    
   4.16448619E-03   50.0000000    
   5.42386808E-03   51.0000000    
   6.76883897E-03   52.0000000    
   7.88803305E-03   53.0000000    
   8.98156129E-03   54.0000000    
   1.00266803E-02   55.0000000    
   1.10057704E-02   56.0000000    
   1.19314687E-02   57.0000000    
   1.27684381E-02   58.0000000    
   1.35631599E-02   59.0000000    
   1.43116983E-02   60.0000000    
   1.49571756E-02   61.0000000    
   1.55786201E-02   62.0000000    
   1.60936750E-02   63.0000000    
   1.65829416E-02   64.0000000    
   1.70191154E-02   65.0000000    
   1.74020696E-02   66.0000000    
   1.77319292E-02   67.0000000    
   1.80358142E-02   68.0000000    
   1.82869695E-02   69.0000000    
   2.17663944E-02   70.0000000    
   2.18450464E-02   71.0000000    
   2.19140220E-02   72.0000000    
   2.19829623E-02   73.0000000    
   2.20230725E-02   74.0000000    
   2.20727529E-02   75.0000000    
   2.21032128E-02   76.0000000    
   2.21240669E-02   77.0000000    
   2.21449044E-02   78.0000000    
   2.21465938E-02   79.0000000    
   2.21578442E-02   80.0000000    
   2.21499652E-02   81.0000000    
   2.21420825E-02   82.0000000    
   2.21246555E-02   83.0000000    
   2.21167877E-02   84.0000000    
   2.20898334E-02   85.0000000    
   2.20628940E-02   86.0000000    
   2.20359825E-02   87.0000000    
   2.19995491E-02   88.0000000    
   2.19726916E-02   89.0000000    
   2.19267942E-02   90.0000000    
   2.18904559E-02   91.0000000    
   2.18446180E-02   92.0000000    
   2.17988379E-02   93.0000000    
   2.17530821E-02   94.0000000    
   2.16818117E-02   95.0000000    
   2.13833731E-02   96.0000000    
   2.10841205E-02   97.0000000    
   2.08092444E-02   98.0000000    
   2.05089115E-02   99.0000000    
   2.02082284E-02   100.000000    
   1.98817383E-02   101.000000    
   1.95804145E-02   102.000000    
   1.92791037E-02   103.000000    
   1.89778302E-02   104.000000    
   1.86508503E-02   105.000000    
   1.83501039E-02   106.000000    
   1.80236697E-02   107.000000    
   1.76977124E-02   108.000000    
   1.73987001E-02   109.000000    
   1.70742050E-02   110.000000    
   1.67505741E-02   111.000000    
   1.64280385E-02   112.000000    
   1.61331967E-02   113.000000    
   1.58132631E-02   114.000000    
   1.54948672E-02   115.000000    
   1.51781123E-02   116.000000    
   1.48631567E-02   117.000000    
   1.45501383E-02   118.000000    
   1.42392321E-02   119.000000    
   1.39305228E-02   120.000000    
   1.36504713E-02   121.000000    
   1.33465426E-02   122.000000    
   1.30452057E-02   123.000000    
   1.27466368E-02   124.000000    
   1.24509167E-02   125.000000    
   1.21581675E-02   126.000000    
   1.18685095E-02   127.000000    
   1.15820607E-02   128.000000    
   1.12988781E-02   129.000000    
   1.10191265E-02   130.000000    
   1.07428599E-02   131.000000    
   1.04701640E-02   132.000000    
   1.02011506E-02   133.000000    
   9.93591640E-03   134.000000    
   9.67452116E-03   135.000000    
   9.41705238E-03   136.000000    
   9.16351844E-03   137.000000    
   8.91403481E-03   138.000000    
   8.66865274E-03   139.000000    
   8.42742808E-03   140.000000    
   8.19037203E-03   141.000000    
   7.91505910E-03   142.000000    
   7.62059726E-03   143.000000    
   7.33499322E-03   144.000000    
   7.05816271E-03   145.000000    
   6.78986683E-03   146.000000    
   6.53005065E-03   147.000000    
   6.27849204E-03   148.000000    
   6.03508856E-03   149.000000    
   5.79967210E-03   150.000000    
