   0.00000000       0.00000000    
   0.00000000       9.89333391E-02
   0.00000000      0.197866678    
   0.00000000      0.296799988    
   0.00000000      0.395733356    
   0.00000000      0.494666666    
   0.00000000      0.593599975    
   0.00000000      0.692533314    
   0.00000000      0.791466713    
   0.00000000      0.890399992    
   0.00000000      0.989333332    
   0.00000000       1.08826661    
   0.00000000       1.18719995    
   0.00000000       1.28613329    
   0.00000000       1.38506663    
   0.00000000       1.48399997    
   0.00000000       1.58293343    
   0.00000000       1.68186665    
   0.00000000       1.78079998    
   0.00000000       1.87973332    
   0.00000000       1.97866666    
   0.00000000       2.07760000    
   0.00000000       2.17653322    
   0.00000000       2.27546668    
   0.00000000       2.37439990    
   0.00000000       2.47333312    
   0.00000000       2.57226658    
   0.00000000       2.67119980    
   0.00000000       2.77013326    
   0.00000000       2.86906648    
   0.00000000       2.96799994    
   6.60685264E-03   2.96799994    
   6.60685264E-03   2.99466658    
   6.60685264E-03   3.02133322    
   6.60685264E-03   3.04799986    
   6.60685264E-03   3.07466650    
   6.60685264E-03   3.10133338    
   6.60685264E-03   3.12800002    
   6.60685264E-03   3.15466666    
   6.60685264E-03   3.18133330    
   6.60685264E-03   3.20799994    
   6.60685264E-03   3.23466659    
   6.60685264E-03   3.26133323    
   6.60685264E-03   3.28799987    
   6.60685264E-03   3.31466651    
   6.60685264E-03   3.34133339    
   6.60685264E-03   3.36800003    
   6.60685264E-03   3.39466667    
   6.60685264E-03   3.42133331    
   6.60685264E-03   3.44799995    
   6.60685264E-03   3.47466660    
   6.60685264E-03   3.50133324    
   6.60685264E-03   3.52799988    
   6.60685264E-03   3.55466652    
   6.60685264E-03   3.58133316    
   6.60685264E-03   3.60800004    
   6.60685264E-03   3.63466668    
   6.60685264E-03   3.66133332    
   6.60685264E-03   3.68799996    
   6.60685264E-03   3.71466660    
   6.60685264E-03   3.74133325    
   6.60685264E-03   3.76799989    
   5.91435982E-03   3.76799989    
   5.91435982E-03   3.82133317    
   5.91435982E-03   3.87466645    
   5.91435982E-03   3.92799997    
   5.91435982E-03   3.98133326    
   5.91435982E-03   4.03466654    
   5.91435982E-03   4.08799982    
   5.91435982E-03   4.14133310    
   5.91435982E-03   4.19466639    
   5.91435982E-03   4.24800014    
   5.91435982E-03   4.30133343    
   5.91435982E-03   4.35466671    
   5.91435982E-03   4.40799999    
   5.91435982E-03   4.46133327    
   5.91435982E-03   4.51466656    
   5.91435982E-03   4.56799984    
   5.91435982E-03   4.62133312    
   5.91435982E-03   4.67466640    
   5.91435982E-03   4.72799969    
   5.91435982E-03   4.78133297    
   5.91435982E-03   4.83466673    
   5.91435982E-03   4.88800001    
   5.91435982E-03   4.94133329    
   5.91435982E-03   4.99466658    
   5.91435982E-03   5.04799986    
   5.91435982E-03   5.10133314    
   5.91435982E-03   5.15466642    
   5.91435982E-03   5.20799971    
   5.91435982E-03   5.26133347    
   5.91435982E-03   5.31466675    
   5.91435982E-03   5.36800003    
   4.46991296E-03   5.36800003    
   4.46991296E-03   5.53613329    
   4.46991296E-03   5.70426655    
   4.46991296E-03   5.87240028    
   4.46991296E-03   6.04053354    
   4.46991296E-03   6.20866680    
   4.46991296E-03   6.37680006    
   4.46991296E-03   6.54493332    
   4.46991296E-03   6.71306705    
   4.46991296E-03   6.88120031    
   4.46991296E-03   7.04933357    
   4.46991296E-03   7.21746683    
   4.46991296E-03   7.38560009    
   4.46991296E-03   7.55373335    
   4.46991296E-03   7.72186661    
   4.46991296E-03   7.89000034    
   4.46991296E-03   8.05813408    
   4.46991296E-03   8.22626686    
   4.46991296E-03   8.39440060    
   4.46991296E-03   8.56253338    
   4.46991296E-03   8.73066711    
   4.46991296E-03   8.89879990    
   4.46991296E-03   9.06693363    
   4.46991296E-03   9.23506641    
   4.46991296E-03   9.40320015    
   4.46991296E-03   9.57133293    
   4.46991296E-03   9.73946667    
   4.46991296E-03   9.90760040    
   4.46991296E-03   10.0757332    
   4.46991296E-03   10.2438669    
   4.46991296E-03   10.4120007    
   2.88040005E-03   10.4120007    
   2.88040005E-03   10.7316008    
   2.88040005E-03   11.0512009    
   2.88040005E-03   11.3708010    
   2.88040005E-03   11.6904011    
   2.88040005E-03   12.0100002    
   2.88040005E-03   12.3296003    
   2.88040005E-03   12.6492004    
   2.88040005E-03   12.9688005    
   2.88040005E-03   13.2884007    
   2.88040005E-03   13.6080008    
   2.88040005E-03   13.9276009    
   2.88040005E-03   14.2472010    
   2.88040005E-03   14.5668011    
   2.88040005E-03   14.8864002    
   2.88040005E-03   15.2060013    
   2.88040005E-03   15.5256004    
   2.88040005E-03   15.8452015    
   2.88040005E-03   16.1648006    
   2.88040005E-03   16.4844017    
   2.88040005E-03   16.8040009    
   2.88040005E-03   17.1236000    
   2.88040005E-03   17.4432011    
   2.88040005E-03   17.7628002    
   2.88040005E-03   18.0824013    
   2.88040005E-03   18.4020004    
   2.88040005E-03   18.7215996    
   2.88040005E-03   19.0412006    
   2.88040005E-03   19.3608017    
   2.88040005E-03   19.6804008    
   2.88040005E-03   20.0000000    
   2.12515006E-03   20.0000000    
   2.12515006E-03   20.3333340    
   2.12515006E-03   20.6666660    
   2.12515006E-03   21.0000000    
   2.12515006E-03   21.3333340    
   2.12515006E-03   21.6666660    
   2.12515006E-03   22.0000000    
   2.12515006E-03   22.3333340    
   2.12515006E-03   22.6666660    
   2.12515006E-03   23.0000000    
   2.12515006E-03   23.3333340    
   2.12515006E-03   23.6666660    
   2.12515006E-03   24.0000000    
   2.12515006E-03   24.3333340    
   2.12515006E-03   24.6666660    
   2.12515006E-03   25.0000000    
   2.12515006E-03   25.3333340    
   2.12515006E-03   25.6666660    
   2.12515006E-03   26.0000000    
   2.12515006E-03   26.3333321    
   2.12515006E-03   26.6666679    
   2.12515006E-03   27.0000000    
   2.12515006E-03   27.3333340    
   2.12515006E-03   27.6666660    
   2.12515006E-03   28.0000000    
   2.12515006E-03   28.3333321    
   2.12515006E-03   28.6666679    
   2.12515006E-03   29.0000000    
   2.12515006E-03   29.3333321    
   2.12515006E-03   29.6666660    
   2.12515006E-03   30.0000000    
   8.90511647E-03   30.0000000    
   8.90511647E-03   30.3333340    
   8.90511647E-03   30.6666660    
   8.90511647E-03   31.0000000    
   8.90511647E-03   31.3333340    
   8.90511647E-03   31.6666660    
   8.90511647E-03   32.0000000    
   8.90511647E-03   32.3333321    
   8.90511647E-03   32.6666679    
   8.90511647E-03   33.0000000    
   8.90511647E-03   33.3333321    
   8.90511647E-03   33.6666679    
   8.90511647E-03   34.0000000    
   8.90511647E-03   34.3333321    
   8.90511647E-03   34.6666679    
   8.90511647E-03   35.0000000    
   8.90511647E-03   35.3333321    
   8.90511647E-03   35.6666679    
   8.90511647E-03   36.0000000    
   8.90511647E-03   36.3333321    
   8.90511647E-03   36.6666679    
   8.90511647E-03   37.0000000    
   8.90511647E-03   37.3333321    
   8.90511647E-03   37.6666679    
   8.90511647E-03   38.0000000    
   8.90511647E-03   38.3333321    
   8.90511647E-03   38.6666679    
   8.90511647E-03   39.0000000    
   8.90511647E-03   39.3333321    
   8.90511647E-03   39.6666641    
   8.90511647E-03   40.0000000    
   1.28320288E-02   40.0000000    
   1.28320288E-02   40.3333321    
   1.28320288E-02   40.6666679    
   1.28320288E-02   41.0000000    
   1.28320288E-02   41.3333321    
   1.28320288E-02   41.6666679    
   1.28320288E-02   42.0000000    
   1.28320288E-02   42.3333321    
   1.28320288E-02   42.6666679    
   1.28320288E-02   43.0000000    
   1.28320288E-02   43.3333321    
   1.28320288E-02   43.6666679    
   1.28320288E-02   44.0000000    
   1.28320288E-02   44.3333321    
   1.28320288E-02   44.6666679    
   1.28320288E-02   45.0000000    
   1.28320288E-02   45.3333321    
   1.28320288E-02   45.6666679    
   1.28320288E-02   46.0000000    
   1.28320288E-02   46.3333321    
   1.28320288E-02   46.6666679    
   1.28320288E-02   47.0000000    
   1.28320288E-02   47.3333321    
   1.28320288E-02   47.6666679    
   1.28320288E-02   48.0000000    
   1.28320288E-02   48.3333321    
   1.28320288E-02   48.6666679    
   1.28320288E-02   49.0000000    
   1.28320288E-02   49.3333321    
   1.28320288E-02   49.6666641    
   1.28320288E-02   50.0000000    
   2.03725323E-02   50.0000000    
   2.03725323E-02   50.3333321    
   2.03725323E-02   50.6666679    
   2.03725323E-02   51.0000000    
   2.03725323E-02   51.3333321    
   2.03725323E-02   51.6666679    
   2.03725323E-02   52.0000000    
   2.03725323E-02   52.3333321    
   2.03725323E-02   52.6666679    
   2.03725323E-02   53.0000000    
   2.03725323E-02   53.3333321    
   2.03725323E-02   53.6666679    
   2.03725323E-02   54.0000000    
   2.03725323E-02   54.3333321    
   2.03725323E-02   54.6666679    
   2.03725323E-02   55.0000000    
   2.03725323E-02   55.3333321    
   2.03725323E-02   55.6666679    
   2.03725323E-02   56.0000000    
   2.03725323E-02   56.3333321    
   2.03725323E-02   56.6666679    
   2.03725323E-02   57.0000000    
   2.03725323E-02   57.3333321    
   2.03725323E-02   57.6666679    
   2.03725323E-02   58.0000000    
   2.03725323E-02   58.3333321    
   2.03725323E-02   58.6666679    
   2.03725323E-02   59.0000000    
   2.03725323E-02   59.3333321    
   2.03725323E-02   59.6666641    
   2.03725323E-02   60.0000000    
   2.29514651E-02   60.0000000    
   2.29514651E-02   60.3333321    
   2.29514651E-02   60.6666679    
   2.29514651E-02   61.0000000    
   2.29514651E-02   61.3333321    
   2.29514651E-02   61.6666679    
   2.29514651E-02   62.0000000    
   2.29514651E-02   62.3333321    
   2.29514651E-02   62.6666679    
   2.29514651E-02   63.0000000    
   2.29514651E-02   63.3333321    
   2.29514651E-02   63.6666679    
   2.29514651E-02   64.0000000    
   2.29514651E-02   64.3333359    
   2.29514651E-02   64.6666641    
   2.29514651E-02   65.0000000    
   2.29514651E-02   65.3333359    
   2.29514651E-02   65.6666641    
   2.29514651E-02   66.0000000    
   2.29514651E-02   66.3333359    
   2.29514651E-02   66.6666641    
   2.29514651E-02   67.0000000    
   2.29514651E-02   67.3333359    
   2.29514651E-02   67.6666641    
   2.29514651E-02   68.0000000    
   2.29514651E-02   68.3333359    
   2.29514651E-02   68.6666641    
   2.29514651E-02   69.0000000    
   2.29514651E-02   69.3333359    
   2.29514651E-02   69.6666641    
   2.29514651E-02   70.0000000    
   2.36153156E-02   70.0000000    
   2.36153156E-02   70.3333359    
   2.36153156E-02   70.6666641    
   2.36153156E-02   71.0000000    
   2.36153156E-02   71.3333359    
   2.36153156E-02   71.6666641    
   2.36153156E-02   72.0000000    
   2.36153156E-02   72.3333359    
   2.36153156E-02   72.6666641    
   2.36153156E-02   73.0000000    
   2.36153156E-02   73.3333359    
   2.36153156E-02   73.6666641    
   2.36153156E-02   74.0000000    
   2.36153156E-02   74.3333359    
   2.36153156E-02   74.6666641    
   2.36153156E-02   75.0000000    
   2.36153156E-02   75.3333359    
   2.36153156E-02   75.6666641    
   2.36153156E-02   76.0000000    
   2.36153156E-02   76.3333359    
   2.36153156E-02   76.6666641    
   2.36153156E-02   77.0000000    
   2.36153156E-02   77.3333359    
   2.36153156E-02   77.6666641    
   2.36153156E-02   78.0000000    
   2.36153156E-02   78.3333359    
   2.36153156E-02   78.6666641    
   2.36153156E-02   79.0000000    
   2.36153156E-02   79.3333359    
   2.36153156E-02   79.6666641    
   2.36153156E-02   80.0000000    
   2.32809354E-02   80.0000000    
   2.32809354E-02   80.3333359    
   2.32809354E-02   80.6666641    
   2.32809354E-02   81.0000000    
   2.32809354E-02   81.3333359    
   2.32809354E-02   81.6666641    
   2.32809354E-02   82.0000000    
   2.32809354E-02   82.3333359    
   2.32809354E-02   82.6666641    
   2.32809354E-02   83.0000000    
   2.32809354E-02   83.3333359    
   2.32809354E-02   83.6666641    
   2.32809354E-02   84.0000000    
   2.32809354E-02   84.3333359    
   2.32809354E-02   84.6666641    
   2.32809354E-02   85.0000000    
   2.32809354E-02   85.3333359    
   2.32809354E-02   85.6666641    
   2.32809354E-02   86.0000000    
   2.32809354E-02   86.3333359    
   2.32809354E-02   86.6666641    
   2.32809354E-02   87.0000000    
   2.32809354E-02   87.3333359    
   2.32809354E-02   87.6666641    
   2.32809354E-02   88.0000000    
   2.32809354E-02   88.3333359    
   2.32809354E-02   88.6666641    
   2.32809354E-02   89.0000000    
   2.32809354E-02   89.3333359    
   2.32809354E-02   89.6666641    
   2.32809354E-02   90.0000000    
   2.14754958E-02   90.0000000    
   2.14754958E-02   90.6666641    
   2.14754958E-02   91.3333359    
   2.14754958E-02   92.0000000    
   2.14754958E-02   92.6666641    
   2.14754958E-02   93.3333359    
   2.14754958E-02   94.0000000    
   2.14754958E-02   94.6666641    
   2.14754958E-02   95.3333359    
   2.14754958E-02   96.0000000    
   2.14754958E-02   96.6666641    
   2.14754958E-02   97.3333359    
   2.14754958E-02   98.0000000    
   2.14754958E-02   98.6666641    
   2.14754958E-02   99.3333359    
   2.14754958E-02   100.000000    
   2.14754958E-02   100.666664    
   2.14754958E-02   101.333336    
   2.14754958E-02   102.000000    
   2.14754958E-02   102.666664    
   2.14754958E-02   103.333336    
   2.14754958E-02   104.000000    
   2.14754958E-02   104.666664    
   2.14754958E-02   105.333336    
   2.14754958E-02   106.000000    
   2.14754958E-02   106.666664    
   2.14754958E-02   107.333336    
   2.14754958E-02   108.000000    
   2.14754958E-02   108.666664    
   2.14754958E-02   109.333328    
   2.14754958E-02   110.000000    
   1.62070096E-02   110.000000    
   1.62070096E-02   110.666664    
   1.62070096E-02   111.333336    
   1.62070096E-02   112.000000    
   1.62070096E-02   112.666664    
   1.62070096E-02   113.333336    
   1.62070096E-02   114.000000    
   1.62070096E-02   114.666664    
   1.62070096E-02   115.333336    
   1.62070096E-02   116.000000    
   1.62070096E-02   116.666664    
   1.62070096E-02   117.333336    
   1.62070096E-02   118.000000    
   1.62070096E-02   118.666664    
   1.62070096E-02   119.333336    
   1.62070096E-02   120.000000    
   1.62070096E-02   120.666664    
   1.62070096E-02   121.333336    
   1.62070096E-02   122.000000    
   1.62070096E-02   122.666664    
   1.62070096E-02   123.333336    
   1.62070096E-02   124.000000    
   1.62070096E-02   124.666664    
   1.62070096E-02   125.333336    
   1.62070096E-02   126.000000    
   1.62070096E-02   126.666664    
   1.62070096E-02   127.333336    
   1.62070096E-02   128.000000    
   1.62070096E-02   128.666672    
   1.62070096E-02   129.333328    
   1.62070096E-02   130.000000    
   1.03444820E-02   130.000000    
   1.03444820E-02   130.666672    
   1.03444820E-02   131.333328    
   1.03444820E-02   132.000000    
   1.03444820E-02   132.666672    
   1.03444820E-02   133.333328    
   1.03444820E-02   134.000000    
   1.03444820E-02   134.666672    
   1.03444820E-02   135.333328    
   1.03444820E-02   136.000000    
   1.03444820E-02   136.666672    
   1.03444820E-02   137.333328    
   1.03444820E-02   138.000000    
   1.03444820E-02   138.666672    
   1.03444820E-02   139.333328    
   1.03444820E-02   140.000000    
   1.03444820E-02   140.666672    
   1.03444820E-02   141.333328    
   1.03444820E-02   142.000000    
   1.03444820E-02   142.666672    
   1.03444820E-02   143.333328    
   1.03444820E-02   144.000000    
   1.03444820E-02   144.666672    
   1.03444820E-02   145.333328    
   1.03444820E-02   146.000000    
   1.03444820E-02   146.666672    
   1.03444820E-02   147.333328    
   1.03444820E-02   148.000000    
   1.03444820E-02   148.666672    
   1.03444820E-02   149.333328    
   1.03444820E-02   150.000000    
   5.39615890E-03   150.000000    
   5.39615890E-03   150.666672    
   5.39615890E-03   151.333328    
   5.39615890E-03   152.000000    
   5.39615890E-03   152.666672    
   5.39615890E-03   153.333328    
   5.39615890E-03   154.000000    
   5.39615890E-03   154.666672    
   5.39615890E-03   155.333328    
   5.39615890E-03   156.000000    
   5.39615890E-03   156.666672    
   5.39615890E-03   157.333328    
   5.39615890E-03   158.000000    
   5.39615890E-03   158.666672    
   5.39615890E-03   159.333328    
   5.39615890E-03   160.000000    
   5.39615890E-03   160.666672    
   5.39615890E-03   161.333328    
   5.39615890E-03   162.000000    
   5.39615890E-03   162.666672    
   5.39615890E-03   163.333328    
   5.39615890E-03   164.000000    
   5.39615890E-03   164.666672    
   5.39615890E-03   165.333328    
   5.39615890E-03   166.000000    
   5.39615890E-03   166.666672    
   5.39615890E-03   167.333328    
   5.39615890E-03   168.000000    
   5.39615890E-03   168.666672    
   5.39615890E-03   169.333328    
   5.39615890E-03   170.000000    
   4.89560142E-03   170.000000    
   4.89560142E-03   170.666672    
   4.89560142E-03   171.333328    
   4.89560142E-03   172.000000    
   4.89560142E-03   172.666672    
   4.89560142E-03   173.333328    
   4.89560142E-03   174.000000    
   4.89560142E-03   174.666672    
   4.89560142E-03   175.333328    
   4.89560142E-03   176.000000    
   4.89560142E-03   176.666672    
   4.89560142E-03   177.333328    
   4.89560142E-03   178.000000    
   4.89560142E-03   178.666672    
   4.89560142E-03   179.333328    
   4.89560142E-03   180.000000    
   4.89560142E-03   180.666672    
   4.89560142E-03   181.333328    
   4.89560142E-03   182.000000    
   4.89560142E-03   182.666672    
   4.89560142E-03   183.333328    
   4.89560142E-03   184.000000    
   4.89560142E-03   184.666672    
   4.89560142E-03   185.333328    
   4.89560142E-03   186.000000    
   4.89560142E-03   186.666672    
   4.89560142E-03   187.333328    
   4.89560142E-03   188.000000    
   4.89560142E-03   188.666672    
   4.89560142E-03   189.333328    
   4.89560142E-03   190.000000    
   5.25770616E-03   190.000000    
   5.25770616E-03   190.666672    
   5.25770616E-03   191.333328    
   5.25770616E-03   192.000000    
   5.25770616E-03   192.666672    
   5.25770616E-03   193.333328    
   5.25770616E-03   194.000000    
   5.25770616E-03   194.666672    
   5.25770616E-03   195.333328    
   5.25770616E-03   196.000000    
   5.25770616E-03   196.666672    
   5.25770616E-03   197.333328    
   5.25770616E-03   198.000000    
   5.25770616E-03   198.666672    
   5.25770616E-03   199.333328    
   5.25770616E-03   200.000000    
   5.25770616E-03   200.666672    
   5.25770616E-03   201.333328    
   5.25770616E-03   202.000000    
   5.25770616E-03   202.666672    
   5.25770616E-03   203.333328    
   5.25770616E-03   204.000000    
   5.25770616E-03   204.666672    
   5.25770616E-03   205.333328    
   5.25770616E-03   206.000000    
   5.25770616E-03   206.666672    
   5.25770616E-03   207.333328    
   5.25770616E-03   208.000000    
   5.25770616E-03   208.666672    
   5.25770616E-03   209.333328    
   5.25770616E-03   210.000000    
   6.19409839E-03   210.000000    
   6.19409839E-03   210.666672    
   6.19409839E-03   211.333328    
   6.19409839E-03   212.000000    
   6.19409839E-03   212.666672    
   6.19409839E-03   213.333328    
   6.19409839E-03   214.000000    
   6.19409839E-03   214.666672    
   6.19409839E-03   215.333328    
   6.19409839E-03   216.000000    
   6.19409839E-03   216.666672    
   6.19409839E-03   217.333328    
   6.19409839E-03   218.000000    
   6.19409839E-03   218.666672    
   6.19409839E-03   219.333328    
   6.19409839E-03   220.000000    
   6.19409839E-03   220.666672    
   6.19409839E-03   221.333328    
   6.19409839E-03   222.000000    
   6.19409839E-03   222.666672    
   6.19409839E-03   223.333328    
   6.19409839E-03   224.000000    
   6.19409839E-03   224.666672    
   6.19409839E-03   225.333328    
   6.19409839E-03   226.000000    
   6.19409839E-03   226.666672    
   6.19409839E-03   227.333328    
   6.19409839E-03   228.000000    
   6.19409839E-03   228.666672    
   6.19409839E-03   229.333328    
   6.19409839E-03   230.000000    
   7.48850545E-03   230.000000    
   7.48850545E-03   230.666672    
   7.48850545E-03   231.333328    
   7.48850545E-03   232.000000    
   7.48850545E-03   232.666672    
   7.48850545E-03   233.333328    
   7.48850545E-03   234.000000    
   7.48850545E-03   234.666672    
   7.48850545E-03   235.333328    
   7.48850545E-03   236.000000    
   7.48850545E-03   236.666672    
   7.48850545E-03   237.333328    
   7.48850545E-03   238.000000    
   7.48850545E-03   238.666672    
   7.48850545E-03   239.333328    
   7.48850545E-03   240.000000    
   7.48850545E-03   240.666672    
   7.48850545E-03   241.333328    
   7.48850545E-03   242.000000    
   7.48850545E-03   242.666672    
   7.48850545E-03   243.333328    
   7.48850545E-03   244.000000    
   7.48850545E-03   244.666672    
   7.48850545E-03   245.333328    
   7.48850545E-03   246.000000    
   7.48850545E-03   246.666672    
   7.48850545E-03   247.333328    
   7.48850545E-03   248.000000    
   7.48850545E-03   248.666672    
   7.48850545E-03   249.333328    
   7.48850545E-03   250.000000    
   8.92379135E-03   250.000000    
   8.92379135E-03   251.000000    
   8.92379135E-03   252.000000    
   8.92379135E-03   253.000000    
   8.92379135E-03   254.000000    
   8.92379135E-03   255.000000    
   8.92379135E-03   256.000000    
   8.92379135E-03   257.000000    
   8.92379135E-03   258.000000    
   8.92379135E-03   259.000000    
   8.92379135E-03   260.000000    
   8.92379135E-03   261.000000    
   8.92379135E-03   262.000000    
   8.92379135E-03   263.000000    
   8.92379135E-03   264.000000    
   8.92379135E-03   265.000000    
   8.92379135E-03   266.000000    
   8.92379135E-03   267.000000    
   8.92379135E-03   268.000000    
   8.92379135E-03   269.000000    
   8.92379135E-03   270.000000    
   8.92379135E-03   271.000000    
   8.92379135E-03   272.000000    
   8.92379135E-03   273.000000    
   8.92379135E-03   274.000000    
   8.92379135E-03   275.000000    
   8.92379135E-03   276.000000    
   8.92379135E-03   277.000000    
   8.92379135E-03   278.000000    
   8.92379135E-03   279.000000    
   8.92379135E-03   280.000000    
   9.76533908E-03   280.000000    
   9.76533908E-03   281.000000    
   9.76533908E-03   282.000000    
   9.76533908E-03   283.000000    
   9.76533908E-03   284.000000    
   9.76533908E-03   285.000000    
   9.76533908E-03   286.000000    
   9.76533908E-03   287.000000    
   9.76533908E-03   288.000000    
   9.76533908E-03   289.000000    
   9.76533908E-03   290.000000    
   9.76533908E-03   291.000000    
   9.76533908E-03   292.000000    
   9.76533908E-03   293.000000    
   9.76533908E-03   294.000000    
   9.76533908E-03   295.000000    
   9.76533908E-03   296.000000    
   9.76533908E-03   297.000000    
   9.76533908E-03   298.000000    
   9.76533908E-03   299.000000    
   9.76533908E-03   300.000000    
   9.76533908E-03   301.000000    
   9.76533908E-03   302.000000    
   9.76533908E-03   303.000000    
   9.76533908E-03   304.000000    
   9.76533908E-03   305.000000    
   9.76533908E-03   306.000000    
   9.76533908E-03   307.000000    
   9.76533908E-03   308.000000    
   9.76533908E-03   309.000000    
   9.76533908E-03   310.000000    
