   4.88440132       0.00000000    
   4.77912569       1.00000000    
   4.68906736       2.00000000    
   4.61466837       3.00000000    
   4.55422211       4.00000000    
   4.50617266       5.00000000    
   4.46956062       6.00000000    
   4.44262505       7.00000000    
   4.42219353       8.00000000    
   4.39740419       9.00000000    
   4.33589220       10.0000000    
   4.28529358       11.0000000    
   4.25406313       12.0000000    
   4.24991322       13.0000000    
   4.24686480       14.0000000    
   4.24448013       15.0000000    
   4.24277353       16.0000000    
   4.24164009       17.0000000    
   4.24108696       18.0000000    
   4.24112082       19.0000000    
   4.24150848       20.0000000    
   4.24201202       21.0000000    
   4.24263382       22.0000000    
   4.24325323       23.0000000    
   4.24399090       24.0000000    
   4.24460697       25.0000000    
   4.24546099       26.0000000    
   4.24619389       27.0000000    
   4.24692535       28.0000000    
   4.24765539       29.0000000    
   4.24838400       30.0000000    
   4.24923134       31.0000000    
   4.24995708       32.0000000    
   4.25068092       33.0000000    
   4.25140381       34.0000000    
   4.25224590       35.0000000    
   4.25296593       36.0000000    
   4.25368452       37.0000000    
   4.25440121       38.0000000    
   4.25523806       39.0000000    
   4.25595236       40.0000000    
   4.25666523       41.0000000    
   4.25749922       42.0000000    
   4.25820827       43.0000000    
   4.25891685       44.0000000    
   4.25974655       45.0000000    
   4.26045275       46.0000000    
   4.26127958       47.0000000    
   4.26198292       48.0000000    
   4.26280785       49.0000000    
   4.26363134       50.0000000    
   4.26433039       51.0000000    
   4.26515150       52.0000000    
   4.26597118       53.0000000    
   4.26679087       54.0000000    
   4.26760912       55.0000000    
   4.26842546       56.0000000    
   4.26924086       57.0000000    
   4.27017975       58.0000000    
   4.27099323       59.0000000    
   4.27192974       60.0000000    
   4.27274084       61.0000000    
   4.27367592       62.0000000    
   4.27461004       63.0000000    
   4.27554226       64.0000000    
   4.27647448       65.0000000    
   4.27753067       66.0000000    
   4.27846098       67.0000000    
   4.27951574       68.0000000    
   4.28069448       69.0000000    
   4.28174686       70.0000000    
   4.28292465       71.0000000    
   4.28397655       72.0000000    
   4.28527832       73.0000000    
   4.28670454       74.0000000    
   4.28850603       75.0000000    
   4.29055738       76.0000000    
   4.29273272       77.0000000    
   4.29503155       78.0000000    
   4.29732895       79.0000000    
   4.29962540       80.0000000    
   4.30204439       81.0000000    
   4.30446148       82.0000000    
   4.30675316       83.0000000    
   4.30916643       84.0000000    
   4.31157827       85.0000000    
   4.31398773       86.0000000    
   4.31639576       87.0000000    
   4.31880283       88.0000000    
   4.32120657       89.0000000    
   4.32360935       90.0000000    
   4.32601023       91.0000000    
   4.32840919       92.0000000    
   4.33080626       93.0000000    
   4.33320189       94.0000000    
   4.33669567       95.0000000    
   4.34230852       96.0000000    
   4.34785652       97.0000000    
   4.35333872       98.0000000    
   4.35875511       99.0000000    
   4.36410570       100.000000    
   4.36939001       101.000000    
   4.37460804       102.000000    
   4.37976074       103.000000    
   4.38484669       104.000000    
   4.38986635       105.000000    
   4.39481926       106.000000    
   4.39970636       107.000000    
   4.40452719       108.000000    
   4.40928268       109.000000    
   4.41397190       110.000000    
   4.41859579       111.000000    
   4.42315435       112.000000    
   4.42764807       113.000000    
   4.43207693       114.000000    
   4.43644190       115.000000    
   4.44074297       116.000000    
   4.44498062       117.000000    
   4.44915533       118.000000    
   4.45326757       119.000000    
   4.45731831       120.000000    
   4.46130753       121.000000    
   4.46523666       122.000000    
   4.46910572       123.000000    
   4.47291660       124.000000    
   4.47666740       125.000000    
   4.48036146       126.000000    
   4.48399830       127.000000    
   4.48757887       128.000000    
   4.49110508       129.000000    
   4.49457645       130.000000    
   4.49799395       131.000000    
   4.50135946       132.000000    
   4.50467348       133.000000    
   4.50814533       134.000000    
   4.51165247       135.000000    
   4.51507902       136.000000    
   4.51843023       137.000000    
   4.52170658       138.000000    
   4.52491283       139.000000    
   4.52805090       140.000000    
   4.53112316       141.000000    
   4.53413296       142.000000    
   4.53708267       143.000000    
   4.53997326       144.000000    
   4.54280996       145.000000    
   4.54559326       146.000000    
   4.54832554       147.000000    
   4.55100965       148.000000    
   4.55364752       149.000000    
   4.55624056       150.000000    
