   2.00000009E-03   0.00000000    
   2.00000009E-03   1.00000000    
   2.00000009E-03   2.00000000    
   2.00000009E-03   3.00000000    
   2.00000009E-03   4.00000000    
   2.00000009E-03   5.00000000    
   2.00000009E-03   6.00000000    
   2.00000009E-03   7.00000000    
   2.00000009E-03   8.00000000    
   2.00000009E-03   9.00000000    
   2.00000009E-03   10.0000000    
   2.00000009E-03   11.0000000    
   2.00000009E-03   12.0000000    
   2.00000009E-03   13.0000000    
   2.00000009E-03   14.0000000    
   2.00000009E-03   15.0000000    
   2.00000009E-03   16.0000000    
   2.00000009E-03   17.0000000    
   2.00000009E-03   18.0000000    
   2.00000009E-03   19.0000000    
   2.00000009E-03   20.0000000    
   2.00000009E-03   21.0000000    
   2.00000009E-03   22.0000000    
   2.00000009E-03   23.0000000    
   2.00000009E-03   24.0000000    
   2.00000009E-03   25.0000000    
   2.00000009E-03   26.0000000    
   2.00000009E-03   27.0000000    
   2.00000009E-03   28.0000000    
   2.00000009E-03   29.0000000    
   2.00000009E-03   30.0000000    
   2.00000009E-03   31.0000000    
   2.00000009E-03   32.0000000    
   2.00000009E-03   33.0000000    
   2.00000009E-03   34.0000000    
   2.00000009E-03   35.0000000    
   2.00000009E-03   36.0000000    
   2.00000009E-03   37.0000000    
   2.00000009E-03   38.0000000    
   2.00000009E-03   39.0000000    
   2.00000009E-03   40.0000000    
   2.29711551E-03   41.0000000    
   3.64442635E-03   42.0000000    
   5.12091955E-03   43.0000000    
   6.82202401E-03   44.0000000    
   8.60455539E-03   45.0000000    
   1.03209428E-02   46.0000000    
   1.21256923E-02   47.0000000    
   1.36827445E-02   48.0000000    
   1.52615672E-02   49.0000000    
   1.60165504E-02   50.0000000    
   1.65949054E-02   51.0000000    
   1.71402935E-02   52.0000000    
   1.76419914E-02   53.0000000    
   1.81083288E-02   54.0000000    
   1.85384322E-02   55.0000000    
   1.89317148E-02   56.0000000    
   1.92971993E-02   57.0000000    
   1.96249951E-02   58.0000000    
   1.99340098E-02   59.0000000    
   2.02240516E-02   60.0000000    
   2.04758029E-02   61.0000000    
   2.07179822E-02   62.0000000    
   2.09216960E-02   63.0000000    
   2.11157408E-02   64.0000000    
   2.12904885E-02   65.0000000    
   2.14459132E-02   66.0000000    
   2.15820111E-02   67.0000000    
   2.17084028E-02   68.0000000    
   2.18154918E-02   69.0000000    
   2.19033007E-02   70.0000000    
   2.19814293E-02   71.0000000    
   2.20498815E-02   72.0000000    
   2.21183002E-02   73.0000000    
   2.21578665E-02   74.0000000    
   2.22069994E-02   75.0000000    
   2.22369190E-02   76.0000000    
   2.22572256E-02   77.0000000    
   2.22775172E-02   78.0000000    
   2.22786460E-02   79.0000000    
   2.22893450E-02   80.0000000    
   2.22809035E-02   81.0000000    
   2.22724658E-02   82.0000000    
   2.22544856E-02   83.0000000    
   2.22460590E-02   84.0000000    
   2.22185496E-02   85.0000000    
   2.21910477E-02   86.0000000    
   2.21635755E-02   87.0000000    
   2.21265834E-02   88.0000000    
   2.20991652E-02   89.0000000    
   2.20527127E-02   90.0000000    
   2.20158175E-02   91.0000000    
   2.19694171E-02   92.0000000    
   2.19230801E-02   93.0000000    
   2.18452904E-02   94.0000000    
   2.15356741E-02   95.0000000    
   2.12000068E-02   96.0000000    
   2.08629966E-02   97.0000000    
   2.05500312E-02   98.0000000    
   2.02109218E-02   99.0000000    
   1.98710058E-02   100.000000    
   1.95045453E-02   101.000000    
   1.91632435E-02   102.000000    
   1.88215878E-02   103.000000    
   1.84797756E-02   104.000000    
   1.81117039E-02   105.000000    
   1.77700240E-02   106.000000    
   1.74022932E-02   107.000000    
   1.70350075E-02   108.000000    
   1.66949425E-02   109.000000    
   1.63292270E-02   110.000000    
   1.59645863E-02   111.000000    
   1.56012094E-02   112.000000    
   1.52660180E-02   113.000000    
   1.49058942E-02   114.000000    
   1.45476870E-02   115.000000    
   1.41916461E-02   116.000000    
   1.38379354E-02   117.000000    
   1.34867802E-02   118.000000    
   1.31384106E-02   119.000000    
   1.27929710E-02   120.000000    
   1.24767832E-02   121.000000    
   1.21377334E-02   122.000000    
   1.18022002E-02   123.000000    
   1.14703504E-02   124.000000    
   1.11423833E-02   125.000000    
   1.08184852E-02   126.000000    
   1.04987575E-02   127.000000    
   1.01834182E-02   128.000000    
   9.87258274E-03   129.000000    
   9.56641790E-03   130.000000    
   9.26503912E-03   131.000000    
   8.96856748E-03   132.000000    
   8.67714733E-03   133.000000    
   8.33106227E-03   134.000000    
   7.96455704E-03   135.000000    
   7.61013851E-03   136.000000    
   7.26763345E-03   137.000000    
   6.93690358E-03   138.000000    
   6.61776541E-03   139.000000    
   6.31001079E-03   140.000000    
   6.01349119E-03   141.000000    
   5.72796352E-03   142.000000    
   5.45324711E-03   143.000000    
   5.18911611E-03   144.000000    
   4.93534049E-03   145.000000    
   4.69168508E-03   146.000000    
   4.45797294E-03   147.000000    
   4.23387997E-03   148.000000    
   4.01922036E-03   149.000000    
   3.81375314E-03   150.000000    
