   2.00000009E-03   0.00000000    
   2.00000009E-03   1.00000000    
   2.00000009E-03   2.00000000    
   2.00000009E-03   3.00000000    
   2.00000009E-03   4.00000000    
   2.00000009E-03   5.00000000    
   2.00000009E-03   6.00000000    
   2.00000009E-03   7.00000000    
   2.00000009E-03   8.00000000    
   2.00000009E-03   9.00000000    
   2.00000009E-03   10.0000000    
   2.00000009E-03   11.0000000    
   2.00000009E-03   12.0000000    
   2.00000009E-03   13.0000000    
   2.00000009E-03   14.0000000    
   2.00000009E-03   15.0000000    
   2.00000009E-03   16.0000000    
   2.00000009E-03   17.0000000    
   2.00000009E-03   18.0000000    
   2.00000009E-03   19.0000000    
   2.00000009E-03   20.0000000    
   2.00000009E-03   21.0000000    
   2.00000009E-03   22.0000000    
   2.00000009E-03   23.0000000    
   2.00000009E-03   24.0000000    
   2.00000009E-03   25.0000000    
   2.00000009E-03   26.0000000    
   2.00000009E-03   27.0000000    
   2.00000009E-03   28.0000000    
   2.00000009E-03   29.0000000    
   2.00000009E-03   30.0000000    
   2.00000009E-03   31.0000000    
   2.00000009E-03   32.0000000    
   2.00000009E-03   33.0000000    
   2.00000009E-03   34.0000000    
   2.00000009E-03   35.0000000    
   2.00000009E-03   36.0000000    
   2.00000009E-03   37.0000000    
   2.00000009E-03   38.0000000    
   2.00000009E-03   39.0000000    
   2.00000009E-03   40.0000000    
   2.32311082E-03   41.0000000    
   3.60327936E-03   42.0000000    
   4.98468243E-03   43.0000000    
   6.56142272E-03   44.0000000    
   8.20316281E-03   45.0000000    
   9.77728516E-03   46.0000000    
   1.14309471E-02   47.0000000    
   1.28547158E-02   48.0000000    
   1.43005801E-02   49.0000000    
   1.49452370E-02   50.0000000    
   1.54165337E-02   51.0000000    
   1.58600006E-02   52.0000000    
   1.62669532E-02   53.0000000    
   1.66444220E-02   54.0000000    
   1.69917755E-02   55.0000000    
   1.73085984E-02   56.0000000    
   1.76023971E-02   57.0000000    
   1.78650226E-02   58.0000000    
   1.81121286E-02   59.0000000    
   1.83435585E-02   60.0000000    
   1.85433310E-02   61.0000000    
   1.87352207E-02   62.0000000    
   1.88952889E-02   63.0000000    
   1.90473869E-02   64.0000000    
   1.91835221E-02   65.0000000    
   1.93036776E-02   66.0000000    
   1.94078349E-02   67.0000000    
   1.95039716E-02   68.0000000    
   1.95841100E-02   69.0000000    
   1.96482837E-02   70.0000000    
   1.97044387E-02   71.0000000    
   1.97525751E-02   72.0000000    
   1.98006928E-02   73.0000000    
   1.98248830E-02   74.0000000    
   1.98570285E-02   75.0000000    
   1.98732279E-02   76.0000000    
   1.98814683E-02   77.0000000    
   1.98896974E-02   78.0000000    
   1.98820457E-02   79.0000000    
   1.98823344E-02   80.0000000    
   1.98667645E-02   81.0000000    
   1.98512059E-02   82.0000000    
   1.98277421E-02   83.0000000    
   1.98122133E-02   84.0000000    
   1.97808761E-02   85.0000000    
   1.97495669E-02   86.0000000    
   1.97182931E-02   87.0000000    
   1.96791515E-02   88.0000000    
   1.96479466E-02   89.0000000    
   1.96010042E-02   90.0000000    
   1.95619874E-02   91.0000000    
   1.95151325E-02   92.0000000    
   1.94683410E-02   93.0000000    
   1.93893295E-02   94.0000000    
   1.90732535E-02   95.0000000    
   1.87334139E-02   96.0000000    
   1.83932483E-02   97.0000000    
   1.80766210E-02   98.0000000    
   1.77363753E-02   99.0000000    
   1.73963830E-02   100.000000    
   1.70326903E-02   101.000000    
   1.66935269E-02   102.000000    
   1.63550973E-02   103.000000    
   1.60175972E-02   104.000000    
   1.56569984E-02   105.000000    
   1.53218759E-02   106.000000    
   1.49640311E-02   107.000000    
   1.46078775E-02   108.000000    
   1.42777767E-02   109.000000    
   1.39255663E-02   110.000000    
   1.35756610E-02   111.000000    
   1.32282209E-02   112.000000    
   1.29074492E-02   113.000000    
   1.25655606E-02   114.000000    
   1.22267418E-02   115.000000    
   1.18912291E-02   116.000000    
   1.15591632E-02   117.000000    
   1.12307426E-02   118.000000    
   1.09061692E-02   119.000000    
   1.05855614E-02   120.000000    
   1.02919396E-02   121.000000    
   9.97963268E-03   122.000000    
   9.67178401E-03   123.000000    
   9.36851650E-03   124.000000    
   9.07000061E-03   125.000000    
   8.77637416E-03   126.000000    
   8.48770328E-03   127.000000    
   8.20416305E-03   128.000000    
   7.92582333E-03   129.000000    
   7.65281077E-03   130.000000    
   7.38518918E-03   131.000000    
   7.12303910E-03   132.000000    
   6.86645648E-03   133.000000    
   6.56813243E-03   134.000000    
   6.25562295E-03   135.000000    
   5.95467957E-03   136.000000    
   5.66507224E-03   137.000000    
   5.38661005E-03   138.000000    
   5.11905504E-03   139.000000    
   4.86215157E-03   140.000000    
   4.61570313E-03   141.000000    
   4.37942846E-03   142.000000    
   4.15310264E-03   143.000000    
   3.93646024E-03   144.000000    
   3.72924586E-03   145.000000    
   3.53119080E-03   146.000000    
   3.34208319E-03   147.000000    
   3.16158892E-03   148.000000    
   2.98949005E-03   149.000000    
   2.82552768E-03   150.000000    
