   2.00000009E-03   0.00000000    
   2.00000009E-03   1.00000000    
   2.00000009E-03   2.00000000    
   2.00000009E-03   3.00000000    
   2.00000009E-03   4.00000000    
   2.00000009E-03   5.00000000    
   2.00000009E-03   6.00000000    
   2.00000009E-03   7.00000000    
   2.00000009E-03   8.00000000    
   2.00000009E-03   9.00000000    
   2.00000009E-03   10.0000000    
   2.00000009E-03   11.0000000    
   2.00000009E-03   12.0000000    
   2.00000009E-03   13.0000000    
   2.00000009E-03   14.0000000    
   5.63310506E-03   15.0000000    
   1.03382021E-02   16.0000000    
   1.19007500E-02   17.0000000    
   1.32814012E-02   18.0000000    
   1.44712022E-02   19.0000000    
   1.54769262E-02   20.0000000    
   1.62918996E-02   21.0000000    
   1.69471167E-02   22.0000000    
   1.74699593E-02   23.0000000    
   1.78982038E-02   24.0000000    
   1.82306431E-02   25.0000000    
   1.84907708E-02   26.0000000    
   1.86863225E-02   27.0000000    
   1.88333336E-02   28.0000000    
   1.89479347E-02   29.0000000    
   1.90381967E-02   30.0000000    
   1.91122089E-02   31.0000000    
   1.91699769E-02   32.0000000    
   1.92277171E-02   33.0000000    
   1.92854162E-02   34.0000000    
   1.93349775E-02   35.0000000    
   1.93764158E-02   36.0000000    
   1.94259156E-02   37.0000000    
   1.94672998E-02   38.0000000    
   1.95167270E-02   39.0000000    
   1.95661094E-02   40.0000000    
   1.96073838E-02   41.0000000    
   1.96567066E-02   42.0000000    
   1.96979158E-02   43.0000000    
   1.97471566E-02   44.0000000    
   1.97883099E-02   45.0000000    
   1.98374800E-02   46.0000000    
   1.98785551E-02   47.0000000    
   1.99276581E-02   48.0000000    
   1.99686605E-02   49.0000000    
   2.00176872E-02   50.0000000    
   2.00586207E-02   51.0000000    
   2.00995244E-02   52.0000000    
   2.01403871E-02   53.0000000    
   2.01892760E-02   54.0000000    
   2.02300679E-02   55.0000000    
   2.02708244E-02   56.0000000    
   2.03035288E-02   57.0000000    
   2.03442145E-02   58.0000000    
   2.03848854E-02   59.0000000    
   2.04174761E-02   60.0000000    
   2.04580780E-02   61.0000000    
   2.04906147E-02   62.0000000    
   2.05231421E-02   63.0000000    
   2.05556210E-02   64.0000000    
   2.05800682E-02   65.0000000    
   2.06044912E-02   66.0000000    
   2.06289068E-02   67.0000000    
   2.06532869E-02   68.0000000    
   2.06696447E-02   69.0000000    
   2.06860062E-02   70.0000000    
   2.07023378E-02   71.0000000    
   2.07186583E-02   72.0000000    
   2.07269862E-02   73.0000000    
   2.07193457E-02   74.0000000    
   2.06957664E-02   75.0000000    
   2.06562765E-02   76.0000000    
   2.06088405E-02   77.0000000    
   2.05614660E-02   78.0000000    
   2.05061790E-02   79.0000000    
              NaN   80.0000000    
              NaN   81.0000000    
   2.03247610E-02   82.0000000    
   2.02617720E-02   83.0000000    
   2.02067792E-02   84.0000000    
   2.01439131E-02   85.0000000    
   2.00811215E-02   86.0000000    
   2.00183950E-02   87.0000000    
   1.99557319E-02   88.0000000    
   1.98931396E-02   89.0000000    
   1.98306255E-02   90.0000000    
   1.97681766E-02   91.0000000    
   1.97057966E-02   92.0000000    
   1.96434874E-02   93.0000000    
   1.95812546E-02   94.0000000    
   1.94184445E-02   95.0000000    
   1.90573335E-02   96.0000000    
   1.86955202E-02   97.0000000    
   1.83330942E-02   98.0000000    
   1.79703496E-02   99.0000000    
   1.76074840E-02   100.000000    
   1.72446724E-02   101.000000    
   1.68822166E-02   102.000000    
   1.65202636E-02   103.000000    
   1.61590334E-02   104.000000    
   1.57987624E-02   105.000000    
   1.54396780E-02   106.000000    
   1.50819728E-02   107.000000    
   1.47258826E-02   108.000000    
   1.43715907E-02   109.000000    
   1.40193654E-02   110.000000    
   1.36693846E-02   111.000000    
   1.33217983E-02   112.000000    
   1.29769007E-02   113.000000    
   1.26348436E-02   114.000000    
   1.22958235E-02   115.000000    
   1.19600622E-02   116.000000    
   1.16277076E-02   117.000000    
   1.12989703E-02   118.000000    
   1.09740039E-02   119.000000    
   1.06529789E-02   120.000000    
   1.03361011E-02   121.000000    
   1.00234961E-02   122.000000    
   9.71532241E-03   123.000000    
   9.41170286E-03   124.000000    
   9.11280699E-03   125.000000    
   8.81877728E-03   126.000000    
   8.52967519E-03   127.000000    
   8.24568048E-03   128.000000    
   7.96686579E-03   129.000000    
   7.69334892E-03   130.000000    
   7.42520532E-03   131.000000    
   7.16251181E-03   132.000000    
   6.90536574E-03   133.000000    
   6.60618674E-03   134.000000    
   6.29267748E-03   135.000000    
   5.99073106E-03   136.000000    
   5.70012443E-03   137.000000    
   5.42066153E-03   138.000000    
   5.15211094E-03   139.000000    
   4.89422074E-03   140.000000    
   4.64678975E-03   141.000000    
   4.40953858E-03   142.000000    
   4.18224558E-03   143.000000    
   3.96465044E-03   144.000000    
   3.75649123E-03   145.000000    
   3.55750648E-03   146.000000    
   3.36748199E-03   147.000000    
   3.18608433E-03   148.000000    
   3.01309791E-03   149.000000    
   2.84826523E-03   150.000000    
