   4.68534184       0.00000000    
   4.59773684       1.00000000    
   4.52309561       2.00000000    
   4.46169376       3.00000000    
   4.41202974       4.00000000    
   4.37274885       5.00000000    
   4.34300613       6.00000000    
   4.32130957       7.00000000    
   4.30487204       8.00000000    
   4.28219795       9.00000000    
   4.22648716       10.0000000    
   4.18520927       11.0000000    
   4.16048193       12.0000000    
   4.15780830       13.0000000    
   4.15603113       14.0000000    
   4.15479326       15.0000000    
   4.15410566       16.0000000    
   4.15388012       17.0000000    
   4.15412188       18.0000000    
   4.15483665       19.0000000    
   4.15583420       20.0000000    
   4.15692520       21.0000000    
   4.15811110       22.0000000    
   4.15929461       23.0000000    
   4.16057301       24.0000000    
   4.16175461       25.0000000    
   4.16312647       26.0000000    
   4.16440153       27.0000000    
   4.16567469       28.0000000    
   4.16694784       29.0000000    
   4.16821861       30.0000000    
   4.16958475       31.0000000    
   4.17085409       32.0000000    
   4.17212200       33.0000000    
   4.17338800       34.0000000    
   4.17474985       35.0000000    
   4.17601442       36.0000000    
   4.17727804       37.0000000    
   4.17854023       38.0000000    
   4.17989731       39.0000000    
   4.18115711       40.0000000    
   4.18241549       41.0000000    
   4.18377018       42.0000000    
   4.18502665       43.0000000    
   4.18628168       44.0000000    
   4.18763304       45.0000000    
   4.18888569       46.0000000    
   4.19023466       47.0000000    
   4.19148588       48.0000000    
   4.19283295       49.0000000    
   4.19417906       50.0000000    
   4.19542694       51.0000000    
   4.19677019       52.0000000    
   4.19811392       53.0000000    
   4.19945574       54.0000000    
   4.20079708       55.0000000    
   4.20213652       56.0000000    
   4.20347548       57.0000000    
   4.20491219       58.0000000    
   4.20624971       59.0000000    
   4.20768356       60.0000000    
   4.20901871       61.0000000    
   4.21045113       62.0000000    
   4.21188259       63.0000000    
   4.21331358       64.0000000    
   4.21474361       65.0000000    
   4.21627092       66.0000000    
   4.21769905       67.0000000    
   4.21922445       68.0000000    
   4.22084808       69.0000000    
   4.22237253       70.0000000    
   4.22399426       71.0000000    
   4.22551727       72.0000000    
   4.22723579       73.0000000    
   4.22905207       74.0000000    
   4.23116398       75.0000000    
   4.23347139       76.0000000    
   4.23587561       77.0000000    
   4.23837614       78.0000000    
   4.24087477       79.0000000    
   4.24337244       80.0000000    
   4.24596596       81.0000000    
   4.24855709       82.0000000    
   4.25104904       83.0000000    
   4.25363684       84.0000000    
   4.25622272       85.0000000    
   4.25880623       86.0000000    
   4.26138783       87.0000000    
   4.26396799       88.0000000    
   4.26654530       89.0000000    
   4.26912117       90.0000000    
   4.27169466       91.0000000    
   4.27426672       92.0000000    
   4.27683640       93.0000000    
   4.27940369       94.0000000    
   4.28297377       95.0000000    
   4.28846931       96.0000000    
   4.29389906       97.0000000    
   4.29926205       98.0000000    
   4.30455971       99.0000000    
   4.30979109       100.000000    
   4.31495619       101.000000    
   4.32005453       102.000000    
   4.32508802       103.000000    
   4.33005524       104.000000    
   4.33495617       105.000000    
   4.33979177       106.000000    
   4.34456348       107.000000    
   4.34926891       108.000000    
   4.35391045       109.000000    
   4.35848713       110.000000    
   4.36300039       111.000000    
   4.36745119       112.000000    
   4.37183809       113.000000    
   4.37616301       114.000000    
   4.38042593       115.000000    
   4.38462782       116.000000    
   4.38876963       117.000000    
   4.39285040       118.000000    
   4.39687300       119.000000    
   4.40083742       120.000000    
   4.40474367       121.000000    
   4.40859318       122.000000    
   4.41238642       123.000000    
   4.41612482       124.000000    
   4.41980839       125.000000    
   4.42343855       126.000000    
   4.42701674       127.000000    
   4.43054247       128.000000    
   4.43401766       129.000000    
   4.43744326       130.000000    
   4.44082022       131.000000    
   4.44414949       132.000000    
   4.44743204       133.000000    
   4.45082951       134.000000    
   4.45424366       135.000000    
   4.45758963       136.000000    
   4.46087027       137.000000    
   4.46408796       138.000000    
   4.46724463       139.000000    
   4.47034311       140.000000    
   4.47338676       141.000000    
   4.47637701       142.000000    
   4.47931671       143.000000    
   4.48220778       144.000000    
   4.48505259       145.000000    
   4.48785353       146.000000    
   4.49061251       147.000000    
   4.49333048       148.000000    
   4.49601126       149.000000    
   4.49865532       150.000000    
