   1120.69995       0.00000000    
   1123.59570       1.00000000    
   1126.48132       2.00000000    
   1129.35681       3.00000000    
   1132.22217       4.00000000    
   1135.07764       5.00000000    
   1137.92273       6.00000000    
   1140.75781       7.00000000    
   1143.58289       8.00000000    
   1146.39771       9.00000000    
   1149.20251       10.0000000    
   1151.99707       11.0000000    
   1154.78162       12.0000000    
   1157.55615       13.0000000    
   1160.32043       14.0000000    
   1163.07458       15.0000000    
   1165.81873       16.0000000    
   1168.55273       17.0000000    
   1171.27649       18.0000000    
   1173.99036       19.0000000    
   1176.69397       20.0000000    
   1179.38745       21.0000000    
   1182.07104       22.0000000    
   1184.74426       23.0000000    
   1187.40747       24.0000000    
   1190.06067       25.0000000    
   1192.70361       26.0000000    
   1195.33655       27.0000000    
   1197.95935       28.0000000    
   1200.57190       29.0000000    
   1203.17456       30.0000000    
   1205.76697       31.0000000    
   1208.34924       32.0000000    
   1210.92163       33.0000000    
   1213.48364       34.0000000    
   1216.03564       35.0000000    
   1218.57764       36.0000000    
   1221.10938       37.0000000    
   1223.63098       38.0000000    
   1226.14258       39.0000000    
   1228.64404       40.0000000    
   1231.13550       41.0000000    
   1233.61670       42.0000000    
   1236.08777       43.0000000    
   1238.54883       44.0000000    
   1240.99976       45.0000000    
   1243.44043       46.0000000    
   1245.87122       47.0000000    
   1248.29175       48.0000000    
   1250.70227       49.0000000    
   1253.10266       50.0000000    
   1255.49292       51.0000000    
   1257.87292       52.0000000    
   1260.24304       53.0000000    
   1262.60291       54.0000000    
   1264.95276       55.0000000    
   1267.29248       56.0000000    
   1269.62207       57.0000000    
   1271.94165       58.0000000    
   1274.25098       59.0000000    
   1276.55017       60.0000000    
   1278.83936       61.0000000    
   1281.11841       62.0000000    
   1283.38733       63.0000000    
   1285.64624       64.0000000    
   1287.89490       65.0000000    
   1290.13342       66.0000000    
   1292.36206       67.0000000    
   1294.58032       68.0000000    
   1296.78870       69.0000000    
   1298.98682       70.0000000    
   1301.17480       71.0000000    
   1303.35291       72.0000000    
   1305.52063       73.0000000    
   1307.67834       74.0000000    
   1309.82605       75.0000000    
   1311.96350       76.0000000    
   1314.09082       77.0000000    
   1316.20825       78.0000000    
   1318.31531       79.0000000    
   1320.41235       80.0000000    
   1322.49939       81.0000000    
   1324.57617       82.0000000    
   1326.64294       83.0000000    
   1328.69958       84.0000000    
   1330.74609       85.0000000    
   1332.78259       86.0000000    
   1334.80884       87.0000000    
   1336.82495       88.0000000    
   1338.83093       89.0000000    
   1340.82703       90.0000000    
   1342.81287       91.0000000    
   1344.78857       92.0000000    
   1346.75427       93.0000000    
   1348.70984       94.0000000    
   1350.65515       95.0000000    
   1352.59058       96.0000000    
   1354.51562       97.0000000    
   1356.43079       98.0000000    
   1358.33582       99.0000000    
   1360.23059       100.000000    
   1362.11548       101.000000    
   1363.98999       102.000000    
   1365.85449       103.000000    
   1367.70898       104.000000    
   1369.55334       105.000000    
   1371.38757       106.000000    
   1373.21167       107.000000    
   1375.02563       108.000000    
   1376.82959       109.000000    
   1378.62329       110.000000    
   1380.40686       111.000000    
   1382.18054       112.000000    
   1383.94397       113.000000    
   1385.69727       114.000000    
   1387.44055       115.000000    
   1389.17358       116.000000    
   1390.89661       117.000000    
   1392.60950       118.000000    
   1394.31226       119.000000    
   1396.00500       120.000000    
   1397.68750       121.000000    
   1399.35999       122.000000    
   1401.02222       123.000000    
   1402.67456       124.000000    
   1404.31665       125.000000    
   1405.94861       126.000000    
   1407.57056       127.000000    
   1409.18237       128.000000    
   1410.78406       129.000000    
   1412.37561       130.000000    
   1413.95703       131.000000    
   1415.52844       132.000000    
   1417.08972       133.000000    
   1418.64087       134.000000    
   1420.18188       135.000000    
   1421.71277       136.000000    
   1423.23364       137.000000    
   1424.74426       138.000000    
   1426.24487       139.000000    
   1427.73535       140.000000    
   1429.21570       141.000000    
   1430.68591       142.000000    
   1432.14612       143.000000    
   1433.59607       144.000000    
   1435.03601       145.000000    
   1436.46594       146.000000    
   1437.88550       147.000000    
   1439.29517       148.000000    
   1440.69470       149.000000    
   1442.08398       150.000000    
   1443.46338       151.000000    
   1444.83252       152.000000    
   1446.19141       153.000000    
   1447.54041       154.000000    
   1448.87927       155.000000    
   1450.20789       156.000000    
   1451.52649       157.000000    
   1452.83508       158.000000    
   1454.13342       159.000000    
   1455.42163       160.000000    
   1456.69983       161.000000    
   1457.96802       162.000000    
   1459.22595       163.000000    
   1460.47375       164.000000    
   1461.71143       165.000000    
   1462.93909       166.000000    
   1464.15662       167.000000    
   1465.36401       168.000000    
   1466.56128       169.000000    
   1467.74841       170.000000    
   1468.92554       171.000000    
   1470.09253       172.000000    
   1471.24927       173.000000    
   1472.39600       174.000000    
   1473.53271       175.000000    
   1474.65930       176.000000    
   1475.77563       177.000000    
   1476.88196       178.000000    
   1477.97803       179.000000    
   1479.06421       180.000000    
   1480.14014       181.000000    
   1481.20593       182.000000    
   1482.26172       183.000000    
   1483.30737       184.000000    
   1484.34290       185.000000    
   1485.36841       186.000000    
   1486.38379       187.000000    
   1487.38892       188.000000    
   1488.38403       189.000000    
   1489.36890       190.000000    
   1490.34375       191.000000    
   1491.30859       192.000000    
   1492.26331       193.000000    
   1493.20776       194.000000    
   1494.14221       195.000000    
   1495.06665       196.000000    
   1495.98071       197.000000    
   1496.88477       198.000000    
   1497.77893       199.000000    
