   2.00000009E-03   0.00000000    
   2.00000009E-03   1.00000000    
   2.00000009E-03   2.00000000    
   2.00000009E-03   3.00000000    
   2.00000009E-03   4.00000000    
   2.00000009E-03   5.00000000    
   2.00000009E-03   6.00000000    
   2.00000009E-03   7.00000000    
   2.00000009E-03   8.00000000    
   5.37219876E-03   9.00000000    
   1.02524571E-02   10.0000000    
   1.47655997E-02   11.0000000    
   1.75570864E-02   12.0000000    
   1.80389043E-02   13.0000000    
   1.84264164E-02   14.0000000    
   1.87570639E-02   15.0000000    
   1.90303158E-02   16.0000000    
   1.92554947E-02   17.0000000    
   1.94323733E-02   18.0000000    
   1.95608251E-02   19.0000000    
   1.96601748E-02   20.0000000    
   1.97498091E-02   21.0000000    
   1.98297221E-02   22.0000000    
   1.99095905E-02   23.0000000    
   1.99797135E-02   24.0000000    
   2.00595353E-02   25.0000000    
   2.01199092E-02   26.0000000    
   2.01899521E-02   27.0000000    
   2.02599689E-02   28.0000000    
   2.03299280E-02   29.0000000    
   2.03998648E-02   30.0000000    
   2.04600804E-02   31.0000000    
   2.05299370E-02   32.0000000    
   2.05997676E-02   33.0000000    
   2.06695478E-02   34.0000000    
   2.07296088E-02   35.0000000    
   2.07993314E-02   36.0000000    
   2.08689831E-02   37.0000000    
   2.09386144E-02   38.0000000    
   2.09985171E-02   39.0000000    
   2.10680645E-02   40.0000000    
   2.11375542E-02   41.0000000    
   2.11973377E-02   42.0000000    
   2.12667380E-02   43.0000000    
   2.13361029E-02   44.0000000    
   2.13957522E-02   45.0000000    
   2.14650314E-02   46.0000000    
   2.15245970E-02   47.0000000    
   2.15937607E-02   48.0000000    
   2.16532443E-02   49.0000000    
   2.17126738E-02   50.0000000    
   2.17817072E-02   51.0000000    
   2.18410399E-02   52.0000000    
   2.19003335E-02   53.0000000    
   2.19595768E-02   54.0000000    
   2.20187865E-02   55.0000000    
   2.20779218E-02   56.0000000    
   2.21370421E-02   57.0000000    
   2.21864711E-02   58.0000000    
   2.22455040E-02   59.0000000    
   2.22948436E-02   60.0000000    
   2.23537777E-02   61.0000000    
   2.24030335E-02   62.0000000    
   2.24522743E-02   63.0000000    
   2.25014538E-02   64.0000000    
   2.25506090E-02   65.0000000    
   2.25901250E-02   66.0000000    
   2.25162990E-02   67.0000000    
   2.21963823E-02   68.0000000    
   2.18487754E-02   69.0000000    
   2.15236638E-02   70.0000000    
   2.11706888E-02   71.0000000    
   2.08409969E-02   72.0000000    
   2.04573497E-02   73.0000000    
   2.00447794E-02   74.0000000    
   1.95498969E-02   75.0000000    
   1.89976450E-02   76.0000000    
   1.84142813E-02   77.0000000    
   1.77999623E-02   78.0000000    
   1.71823408E-02   79.0000000    
   1.65624153E-02   80.0000000    
   1.59136038E-02   81.0000000    
   1.52645195E-02   82.0000000    
   1.46438293E-02   83.0000000    
   1.39977299E-02   84.0000000    
   1.33550623E-02   85.0000000    
   1.27170868E-02   86.0000000    
   1.20851584E-02   87.0000000    
   1.14606246E-02   88.0000000    
   1.08447494E-02   89.0000000    
   1.00573124E-02   90.0000000    
   9.25534591E-03   91.0000000    
   8.49402975E-03   92.0000000    
   7.77346781E-03   93.0000000    
   7.09372759E-03   94.0000000    
   6.45459257E-03   95.0000000    
   5.85565437E-03   96.0000000    
   5.29636908E-03   97.0000000    
   4.77601821E-03   98.0000000    
   4.29376401E-03   99.0000000    
   3.84856202E-03   100.000000    
   3.48517043E-03   101.000000    
   3.17803514E-03   102.000000    
   2.89292959E-03   103.000000    
   2.62912223E-03   104.000000    
   2.38589104E-03   105.000000    
   2.16240156E-03   106.000000    
   2.00000009E-03   107.000000    
   2.00000009E-03   108.000000    
   2.00000009E-03   109.000000    
   2.00000009E-03   110.000000    
   2.00000009E-03   111.000000    
   2.00000009E-03   112.000000    
   2.00000009E-03   113.000000    
   2.00000009E-03   114.000000    
   2.00000009E-03   115.000000    
   2.00000009E-03   116.000000    
   2.00000009E-03   117.000000    
   2.00000009E-03   118.000000    
   2.00000009E-03   119.000000    
   2.00000009E-03   120.000000    
   2.00000009E-03   121.000000    
   2.00000009E-03   122.000000    
   2.00000009E-03   123.000000    
   2.00000009E-03   124.000000    
   2.00000009E-03   125.000000    
   2.00000009E-03   126.000000    
   2.00000009E-03   127.000000    
   2.00000009E-03   128.000000    
   2.00000009E-03   129.000000    
   2.00000009E-03   130.000000    
   2.00000009E-03   131.000000    
   2.00000009E-03   132.000000    
   2.00000009E-03   133.000000    
   2.00000009E-03   134.000000    
   2.00000009E-03   135.000000    
   2.00000009E-03   136.000000    
   2.00000009E-03   137.000000    
   2.00000009E-03   138.000000    
   2.00000009E-03   139.000000    
   2.00000009E-03   140.000000    
   2.00000009E-03   141.000000    
   2.00000009E-03   142.000000    
   2.00000009E-03   143.000000    
   2.00000009E-03   144.000000    
   2.00000009E-03   145.000000    
   2.00000009E-03   146.000000    
   2.00000009E-03   147.000000    
   2.00000009E-03   148.000000    
   2.00000009E-03   149.000000    
   2.00000009E-03   150.000000    
