   4.58775663       0.00000000    
   4.57505798       1.00000000    
   4.56232357       2.00000000    
   4.54963017       3.00000000    
   4.53693819       4.00000000    
   4.52428675       5.00000000    
   4.51175833       6.00000000    
   4.49919844       7.00000000    
   4.48692417       8.00000000    
   4.47462845       9.00000000    
   4.46256971       10.0000000    
   4.45064163       11.0000000    
   4.43883085       12.0000000    
   4.42736769       13.0000000    
   4.41587734       14.0000000    
   4.40493298       15.0000000    
   4.39399958       16.0000000    
   4.38344288       17.0000000    
   4.37314606       18.0000000    
   4.36300564       19.0000000    
   4.35339451       20.0000000    
   4.34379625       21.0000000    
   4.33486509       22.0000000    
   4.32599258       23.0000000    
   4.31752348       24.0000000    
   4.30946112       25.0000000    
   4.30149889       26.0000000    
   4.29421711       27.0000000    
   4.28692293       28.0000000    
   4.28031301       29.0000000    
   4.27380896       30.0000000    
   4.26772308       31.0000000    
   4.26201677       32.0000000    
   4.25645828       33.0000000    
   4.25151730       34.0000000    
   4.24660873       35.0000000    
   4.24228048       36.0000000    
   4.23807192       37.0000000    
   4.23409796       38.0000000    
   4.23037004       39.0000000    
   4.22632217       40.0000000    
   4.22225571       41.0000000    
   4.21704483       42.0000000    
   4.21143866       43.0000000    
   4.20513439       44.0000000    
   4.19820547       45.0000000    
   4.19120693       46.0000000    
   4.18317699       47.0000000    
   4.17600965       48.0000000    
   4.16810989       49.0000000    
   4.16115093       50.0000000    
   4.15407419       51.0000000    
   4.14736128       52.0000000    
   4.14134598       53.0000000    
   4.13593721       54.0000000    
   4.13122129       55.0000000    
   4.12727308       56.0000000    
   4.12391710       57.0000000    
   4.12143183       58.0000000    
   4.11937046       59.0000000    
   4.11775064       60.0000000    
   4.11707783       61.0000000    
   4.11662722       62.0000000    
   4.11714745       63.0000000    
   4.11789799       64.0000000    
   4.11912823       65.0000000    
   4.12083578       66.0000000    
   4.12301779       67.0000000    
   4.12542057       68.0000000    
   4.12828684       69.0000000    
   4.13160324       70.0000000    
   4.13511992       71.0000000    
   4.13883162       72.0000000    
   4.14249516       73.0000000    
   4.14680195       74.0000000    
   4.15081787       75.0000000    
   4.15522146       76.0000000    
   4.15977383       77.0000000    
   4.16424704       78.0000000    
   4.16906357       79.0000000    
   4.17357874       80.0000000    
   4.17841053       81.0000000    
   4.18313980       82.0000000    
   4.18795586       83.0000000    
   4.19247389       84.0000000    
   4.19725132       85.0000000    
   4.20190716       86.0000000    
   4.20644283       87.0000000    
   4.21102190       88.0000000    
   4.21579504       89.0000000    
   4.22092247       90.0000000    
   4.22563601       91.0000000    
   4.23028612       92.0000000    
   4.23470926       93.0000000    
   4.23891973       94.0000000    
   4.24292755       95.0000000    
   4.24686527       96.0000000    
   4.25060892       97.0000000    
   4.25406694       98.0000000    
   4.25746822       99.0000000    
   4.26071310       100.000000    
   4.26371431       101.000000    
   4.26649809       102.000000    
   4.26919699       103.000000    
   4.27181625       104.000000    
   4.27442932       105.000000    
   4.27690363       106.000000    
   4.27937746       107.000000    
   4.28178835       108.000000    
   4.28408575       109.000000    
   4.28638983       110.000000    
   4.28864717       111.000000    
   4.29086113       112.000000    
   4.29290819       113.000000    
   4.29492235       114.000000    
   4.29693413       115.000000    
   4.29894352       116.000000    
   4.30094910       117.000000    
   4.30295324       118.000000    
   4.30494976       119.000000    
   4.30690002       120.000000    
   4.30880785       121.000000    
   4.31075573       122.000000    
   4.31270266       123.000000    
   4.31464863       124.000000    
   4.31659317       125.000000    
   4.31853771       126.000000    
   4.32048035       127.000000    
   4.32242250       128.000000    
   4.32436323       129.000000    
   4.32630253       130.000000    
   4.32824183       131.000000    
   4.33017969       132.000000    
   4.33211613       133.000000    
   4.33405209       134.000000    
   4.33598661       135.000000    
   4.33792162       136.000000    
   4.33985329       137.000000    
   4.34178495       138.000000    
   4.34371614       139.000000    
   4.34564590       140.000000    
   4.34757519       141.000000    
   4.34950304       142.000000    
   4.35142946       143.000000    
   4.35335588       144.000000    
   4.35528088       145.000000    
   4.35720444       146.000000    
   4.35912800       147.000000    
   4.36104918       148.000000    
   4.36297083       149.000000    
   4.36489058       150.000000    
