   4.58775663       0.00000000    
   4.49800110       1.00000000    
   4.42142248       2.00000000    
   4.35832977       3.00000000    
   4.30721235       4.00000000    
   4.26670218       5.00000000    
   4.23594952       6.00000000    
   4.21343803       7.00000000    
   4.19716740       8.00000000    
   4.18385363       9.00000000    
   4.16396904       10.0000000    
   4.12764645       11.0000000    
   4.08348322       12.0000000    
   4.07605839       13.0000000    
   4.07027864       14.0000000    
   4.06552649       15.0000000    
   4.06193209       16.0000000    
   4.05936527       17.0000000    
   4.05788946       18.0000000    
   4.05755043       19.0000000    
   4.05789852       20.0000000    
   4.05846548       21.0000000    
   4.05925560       22.0000000    
   4.06002855       23.0000000    
   4.06102562       24.0000000    
   4.06176567       25.0000000    
   4.06297350       26.0000000    
   4.06392384       27.0000000    
   4.06485844       28.0000000    
   4.06577778       29.0000000    
   4.06667995       30.0000000    
   4.06781101       31.0000000    
   4.06868124       32.0000000    
   4.06953621       33.0000000    
   4.07037401       34.0000000    
   4.07144213       35.0000000    
   4.07224751       36.0000000    
   4.07303619       37.0000000    
   4.07380772       38.0000000    
   4.07481098       39.0000000    
   4.07554913       40.0000000    
   4.07627058       41.0000000    
   4.07722473       42.0000000    
   4.07791185       43.0000000    
   4.07857990       44.0000000    
   4.07948399       45.0000000    
   4.08011770       46.0000000    
   4.08098841       47.0000000    
   4.08158731       48.0000000    
   4.08242226       49.0000000    
   4.08324051       50.0000000    
   4.08378553       51.0000000    
   4.08456898       52.0000000    
   4.08533478       53.0000000    
   4.08608341       54.0000000    
   4.08681440       55.0000000    
   4.08752728       56.0000000    
   4.08822250       57.0000000    
   4.08915997       58.0000000    
   4.08981943       59.0000000    
   4.09072304       60.0000000    
   4.09134722       61.0000000    
   4.09221554       62.0000000    
   4.09306622       63.0000000    
   4.09389973       64.0000000    
   4.09471512       65.0000000    
   4.09577894       66.0000000    
   4.09656000       67.0000000    
   4.09758949       68.0000000    
   4.09886742       69.0000000    
   4.08697891       70.0000000    
   4.08827686       71.0000000    
   4.08946037       72.0000000    
   4.09086990       73.0000000    
   4.09239292       74.0000000    
   4.09425497       75.0000000    
   4.09634352       76.0000000    
   4.09854507       77.0000000    
   4.10085773       78.0000000    
   4.10316896       79.0000000    
   4.10547829       80.0000000    
   4.10789919       81.0000000    
   4.11031866       82.0000000    
   4.11262369       83.0000000    
   4.11503887       84.0000000    
   4.11745262       85.0000000    
   4.11986494       86.0000000    
   4.12227488       87.0000000    
   4.12468338       88.0000000    
   4.12709045       89.0000000    
   4.12949514       90.0000000    
   4.13189745       91.0000000    
   4.13429832       92.0000000    
   4.13669777       93.0000000    
   4.13909531       94.0000000    
   4.14149094       95.0000000    
   4.14480305       96.0000000    
   4.14986420       97.0000000    
   4.15487289       98.0000000    
   4.15982819       99.0000000    
   4.16473055       100.000000    
   4.16957903       101.000000    
   4.17437363       102.000000    
   4.17911625       103.000000    
   4.18380547       104.000000    
   4.18844128       105.000000    
   4.19302416       106.000000    
   4.19755459       107.000000    
   4.20203161       108.000000    
   4.20645714       109.000000    
   4.21082973       110.000000    
   4.21515131       111.000000    
   4.21941996       112.000000    
   4.22363806       113.000000    
   4.22780418       114.000000    
   4.23191929       115.000000    
   4.23598528       116.000000    
   4.23999977       117.000000    
   4.24396610       118.000000    
   4.24788237       119.000000    
   4.25174999       120.000000    
   4.25556850       121.000000    
   4.25934029       122.000000    
   4.26306391       123.000000    
   4.26674128       124.000000    
   4.27037191       125.000000    
   4.27395725       126.000000    
   4.27749729       127.000000    
   4.28099203       128.000000    
   4.28444386       129.000000    
   4.28785229       130.000000    
   4.29121733       131.000000    
   4.29454041       132.000000    
   4.29782248       133.000000    
   4.30106401       134.000000    
   4.30426455       135.000000    
   4.30742645       136.000000    
   4.31054926       137.000000    
   4.31363440       138.000000    
   4.31668186       139.000000    
   4.31969309       140.000000    
   4.32266855       141.000000    
   4.32574654       142.000000    
   4.32886219       143.000000    
   4.33192539       144.000000    
   4.33493757       145.000000    
   4.33790112       146.000000    
   4.34081602       147.000000    
   4.34368563       148.000000    
   4.34651184       149.000000    
   4.34929514       150.000000    
