   2.00000009E-03   0.00000000    
   2.00000009E-03   1.00000000    
   2.00000009E-03   2.00000000    
   2.00000009E-03   3.00000000    
   2.00000009E-03   4.00000000    
   2.00000009E-03   5.00000000    
   2.00000009E-03   6.00000000    
   2.00000009E-03   7.00000000    
   2.00000009E-03   8.00000000    
   2.00000009E-03   9.00000000    
   2.00000009E-03   10.0000000    
   2.00000009E-03   11.0000000    
   2.00000009E-03   12.0000000    
   2.00000009E-03   13.0000000    
   2.00000009E-03   14.0000000    
   2.00000009E-03   15.0000000    
   2.00000009E-03   16.0000000    
   2.00000009E-03   17.0000000    
   2.33432441E-03   18.0000000    
   4.99843061E-03   19.0000000    
   7.63045298E-03   20.0000000    
   9.99485236E-03   21.0000000    
   1.19990595E-02   22.0000000    
   1.36241205E-02   23.0000000    
   1.49523178E-02   24.0000000    
   1.59645714E-02   25.0000000    
   1.67356320E-02   26.0000000    
   1.72917414E-02   27.0000000    
   1.76873859E-02   28.0000000    
   1.79769658E-02   29.0000000    
   1.81876961E-02   30.0000000    
   1.83465555E-02   31.0000000    
   1.84538011E-02   32.0000000    
   1.85626224E-02   33.0000000    
   1.86730213E-02   34.0000000    
   1.87584683E-02   35.0000000    
   1.88190639E-02   36.0000000    
   1.89077817E-02   37.0000000    
   1.89716779E-02   38.0000000    
   1.90635901E-02   39.0000000    
   1.91570725E-02   40.0000000    
   1.92257855E-02   41.0000000    
   1.93224344E-02   42.0000000    
   1.93942767E-02   43.0000000    
   1.94940548E-02   44.0000000    
   1.95691139E-02   45.0000000    
   1.96719393E-02   46.0000000    
   1.97500587E-02   47.0000000    
   1.98558830E-02   48.0000000    
   1.99371167E-02   49.0000000    
   2.00459026E-02   50.0000000    
   2.01301463E-02   51.0000000    
   2.02158894E-02   52.0000000    
   2.03031041E-02   53.0000000    
   2.04177685E-02   54.0000000    
   2.05079056E-02   55.0000000    
   2.05995068E-02   56.0000000    
   2.06668209E-02   57.0000000    
   2.07613502E-02   58.0000000    
   2.08573248E-02   59.0000000    
   2.09290180E-02   60.0000000    
   2.10278388E-02   61.0000000    
   2.11024787E-02   62.0000000    
   2.11785920E-02   63.0000000    
   2.12561283E-02   64.0000000    
   2.13096533E-02   65.0000000    
   2.13646702E-02   66.0000000    
   2.14211885E-02   67.0000000    
   2.14792155E-02   68.0000000    
   2.15133205E-02   69.0000000    
   2.27574371E-02   70.0000000    
   2.27872096E-02   71.0000000    
   2.28169616E-02   72.0000000    
   2.28371322E-02   73.0000000    
   2.28381734E-02   74.0000000    
   2.28201095E-02   75.0000000    
   2.27829739E-02   76.0000000    
   2.27363072E-02   77.0000000    
   2.26896778E-02   78.0000000    
   2.26335563E-02   79.0000000    
              NaN   80.0000000    
              NaN   81.0000000    
   2.24463679E-02   82.0000000    
   2.23808885E-02   83.0000000    
   2.23249812E-02   84.0000000    
   2.22596060E-02   85.0000000    
   2.21942812E-02   86.0000000    
   2.21290085E-02   87.0000000    
   2.20637899E-02   88.0000000    
   2.19986271E-02   89.0000000    
   2.19335146E-02   90.0000000    
   2.18684599E-02   91.0000000    
   2.18034554E-02   92.0000000    
   2.17385162E-02   93.0000000    
   2.16736272E-02   94.0000000    
   2.16087978E-02   95.0000000    
   2.14566998E-02   96.0000000    
   2.11340804E-02   97.0000000    
   2.08104067E-02   98.0000000    
   2.04858575E-02   99.0000000    
   2.01605875E-02   100.000000    
   1.98347587E-02   101.000000    
   1.95085146E-02   102.000000    
   1.91819761E-02   103.000000    
   1.88553408E-02   104.000000    
   1.85287595E-02   105.000000    
   1.82023700E-02   106.000000    
   1.78763326E-02   107.000000    
   1.75508317E-02   108.000000    
   1.72260087E-02   109.000000    
   1.69020109E-02   110.000000    
   1.65789649E-02   111.000000    
   1.62570849E-02   112.000000    
   1.59364790E-02   113.000000    
   1.56173129E-02   114.000000    
   1.52997505E-02   115.000000    
   1.49839194E-02   116.000000    
   1.46699473E-02   117.000000    
   1.43579971E-02   118.000000    
   1.40482271E-02   119.000000    
   1.37407212E-02   120.000000    
   1.34356944E-02   121.000000    
   1.31331980E-02   122.000000    
   1.28333680E-02   123.000000    
   1.25363842E-02   124.000000    
   1.22423247E-02   125.000000    
   1.19513115E-02   126.000000    
   1.16634583E-02   127.000000    
   1.13788815E-02   128.000000    
   1.10976407E-02   129.000000    
   1.08198980E-02   130.000000    
   1.05457027E-02   131.000000    
   1.02751376E-02   132.000000    
   1.00083100E-02   133.000000    
   9.74532217E-03   134.000000    
   9.48621891E-03   135.000000    
   9.23110079E-03   136.000000    
   8.97995848E-03   137.000000    
   8.73291306E-03   138.000000    
   8.49001203E-03   139.000000    
   8.25130753E-03   140.000000    
   8.01680330E-03   141.000000    
   7.74497632E-03   142.000000    
   7.45455688E-03   143.000000    
   7.17296777E-03   144.000000    
   6.90011820E-03   145.000000    
   6.63577206E-03   146.000000    
   6.37986558E-03   147.000000    
   6.13217428E-03   148.000000    
   5.89259574E-03   149.000000    
   5.66095393E-03   150.000000    
