   2.00000009E-03   0.00000000    
   2.00000009E-03   1.00000000    
   2.00000009E-03   2.00000000    
   2.00000009E-03   3.00000000    
   2.00000009E-03   4.00000000    
   2.00000009E-03   5.00000000    
   2.00000009E-03   6.00000000    
   2.00000009E-03   7.00000000    
   2.00000009E-03   8.00000000    
   2.00000009E-03   9.00000000    
   3.50955175E-03   10.0000000    
   1.40541065E-02   11.0000000    
   1.70110781E-02   12.0000000    
   1.74088199E-02   13.0000000    
   1.77265927E-02   14.0000000    
   1.79961883E-02   15.0000000    
   1.82172805E-02   16.0000000    
   1.83978081E-02   17.0000000    
   1.85376350E-02   18.0000000    
   1.86367035E-02   19.0000000    
   1.87112838E-02   20.0000000    
   1.87776871E-02   21.0000000    
   1.88359059E-02   22.0000000    
   1.88940801E-02   23.0000000    
   1.89440567E-02   24.0000000    
   1.90021694E-02   25.0000000    
   1.90439504E-02   26.0000000    
   1.90938413E-02   27.0000000    
   1.91437043E-02   28.0000000    
   1.91935226E-02   29.0000000    
   1.92433018E-02   30.0000000    
   1.92849319E-02   31.0000000    
   1.93346515E-02   32.0000000    
   1.93843320E-02   33.0000000    
   1.94339734E-02   34.0000000    
   1.94754601E-02   35.0000000    
   1.95250493E-02   36.0000000    
   1.95745826E-02   37.0000000    
   1.96240898E-02   38.0000000    
   1.96654424E-02   39.0000000    
   1.95978098E-02   40.0000000    
   1.94403157E-02   41.0000000    
   1.92596540E-02   42.0000000    
   1.91039275E-02   43.0000000    
   1.89492144E-02   44.0000000    
   1.87711380E-02   45.0000000    
   1.86184049E-02   46.0000000    
   1.84422396E-02   47.0000000    
   1.82915982E-02   48.0000000    
   1.81175172E-02   49.0000000    
   1.79444477E-02   50.0000000    
   1.77972540E-02   51.0000000    
   1.76264811E-02   52.0000000    
   1.74568724E-02   53.0000000    
   1.72884427E-02   54.0000000    
   1.71212275E-02   55.0000000    
   1.69552695E-02   56.0000000    
   1.67906545E-02   57.0000000    
   1.66021753E-02   58.0000000    
   1.64402314E-02   59.0000000    
   1.62544046E-02   60.0000000    
   1.60952117E-02   61.0000000    
   1.59121789E-02   62.0000000    
   1.57306120E-02   63.0000000    
   1.55504765E-02   64.0000000    
   1.53719010E-02   65.0000000    
   1.51694817E-02   66.0000000    
   1.49939535E-02   67.0000000    
   1.47946961E-02   68.0000000    
   1.45716788E-02   69.0000000    
   1.43757537E-02   70.0000000    
   1.41561786E-02   71.0000000    
   1.39637291E-02   72.0000000    
   1.37224980E-02   73.0000000    
   1.34579493E-02   74.0000000    
   1.31200263E-02   75.0000000    
   1.27346013E-02   76.0000000    
   1.23275332E-02   77.0000000    
   1.18996194E-02   78.0000000    
   1.14762513E-02   79.0000000    
   1.10578882E-02   80.0000000    
   1.06207253E-02   81.0000000    
   1.01898732E-02   82.0000000    
   9.78929736E-03   83.0000000    
   9.37202014E-03   84.0000000    
   8.84402357E-03   85.0000000    
   8.31279345E-03   86.0000000    
   7.80331669E-03   87.0000000    
   7.31548853E-03   88.0000000    
   6.84904819E-03   89.0000000    
   6.40382245E-03   90.0000000    
   5.97954122E-03   91.0000000    
   5.57581242E-03   92.0000000    
   5.19227982E-03   93.0000000    
   4.82861605E-03   94.0000000    
   4.48438292E-03   95.0000000    
   4.15907800E-03   96.0000000    
   3.85223888E-03   97.0000000    
   3.56333377E-03   98.0000000    
   3.29183345E-03   99.0000000    
   3.03716445E-03   100.000000    
   2.73389346E-03   101.000000    
   2.47912528E-03   102.000000    
   2.24440056E-03   103.000000    
   2.02889228E-03   104.000000    
   2.00000009E-03   105.000000    
   2.00000009E-03   106.000000    
   2.00000009E-03   107.000000    
   2.00000009E-03   108.000000    
   2.00000009E-03   109.000000    
   2.00000009E-03   110.000000    
   2.00000009E-03   111.000000    
   2.00000009E-03   112.000000    
   2.00000009E-03   113.000000    
   2.00000009E-03   114.000000    
   2.00000009E-03   115.000000    
   2.00000009E-03   116.000000    
   2.00000009E-03   117.000000    
   2.00000009E-03   118.000000    
   2.00000009E-03   119.000000    
   2.00000009E-03   120.000000    
   2.00000009E-03   121.000000    
   2.00000009E-03   122.000000    
   2.00000009E-03   123.000000    
   2.00000009E-03   124.000000    
   2.00000009E-03   125.000000    
   2.00000009E-03   126.000000    
   2.00000009E-03   127.000000    
   2.00000009E-03   128.000000    
   2.00000009E-03   129.000000    
   2.00000009E-03   130.000000    
   2.00000009E-03   131.000000    
   2.00000009E-03   132.000000    
   2.00000009E-03   133.000000    
   2.00000009E-03   134.000000    
   2.00000009E-03   135.000000    
   2.00000009E-03   136.000000    
   2.00000009E-03   137.000000    
   2.00000009E-03   138.000000    
   2.00000009E-03   139.000000    
   2.00000009E-03   140.000000    
   2.00000009E-03   141.000000    
   2.00000009E-03   142.000000    
   2.00000009E-03   143.000000    
   2.00000009E-03   144.000000    
   2.00000009E-03   145.000000    
   2.00000009E-03   146.000000    
   2.00000009E-03   147.000000    
   2.00000009E-03   148.000000    
   2.00000009E-03   149.000000    
   2.00000009E-03   150.000000    
