   2.00000009E-03   0.00000000    
   2.00000009E-03   1.00000000    
   2.00000009E-03   2.00000000    
   2.00000009E-03   3.00000000    
   2.00000009E-03   4.00000000    
   2.00000009E-03   5.00000000    
   2.00000009E-03   6.00000000    
   2.00000009E-03   7.00000000    
   2.00000009E-03   8.00000000    
   2.00000009E-03   9.00000000    
   2.00000009E-03   10.0000000    
   2.00000009E-03   11.0000000    
   2.00000009E-03   12.0000000    
   2.00000009E-03   13.0000000    
   2.00000009E-03   14.0000000    
   2.00000009E-03   15.0000000    
   2.00000009E-03   16.0000000    
   2.00000009E-03   17.0000000    
   2.00000009E-03   18.0000000    
   2.00000009E-03   19.0000000    
   2.00000009E-03   20.0000000    
   2.00000009E-03   21.0000000    
   2.00000009E-03   22.0000000    
   2.00000009E-03   23.0000000    
   2.00000009E-03   24.0000000    
   2.00000009E-03   25.0000000    
   2.00000009E-03   26.0000000    
   2.00000009E-03   27.0000000    
   2.00000009E-03   28.0000000    
   2.00000009E-03   29.0000000    
   2.00000009E-03   30.0000000    
   2.27006688E-03   31.0000000    
   3.84554849E-03   32.0000000    
   5.53308893E-03   33.0000000    
   7.17953499E-03   34.0000000    
   8.73890985E-03   35.0000000    
   1.01952730E-02   36.0000000    
   1.15226991E-02   37.0000000    
   1.26902740E-02   38.0000000    
   1.37036927E-02   39.0000000    
   1.45776458E-02   40.0000000    
   1.53069207E-02   41.0000000    
   1.58891752E-02   42.0000000    
   1.63485557E-02   43.0000000    
   1.67348664E-02   44.0000000    
   1.69983953E-02   45.0000000    
   1.72139518E-02   46.0000000    
   1.73319969E-02   47.0000000    
   1.73773952E-02   48.0000000    
   1.73749030E-02   49.0000000    
   1.73492730E-02   50.0000000    
   1.72754712E-02   51.0000000    
   1.71783306E-02   52.0000000    
   1.70577001E-02   53.0000000    
   1.69135034E-02   54.0000000    
   1.67706162E-02   55.0000000    
   1.66291799E-02   56.0000000    
   1.64639726E-02   57.0000000    
   1.63001865E-02   58.0000000    
   1.61125604E-02   59.0000000    
   1.59515720E-02   60.0000000    
   1.57667454E-02   61.0000000    
   1.55834192E-02   62.0000000    
   1.53762288E-02   63.0000000    
   1.51958568E-02   64.0000000    
   1.49917724E-02   65.0000000    
   1.48145771E-02   66.0000000    
   1.46136116E-02   67.0000000    
   1.43890707E-02   68.0000000    
   1.41915120E-02   69.0000000    
   1.39704375E-02   70.0000000    
   1.37511902E-02   71.0000000    
   1.35086458E-02   72.0000000    
   1.32429358E-02   73.0000000    
   1.29793724E-02   74.0000000    
   1.26680955E-02   75.0000000    
   1.23345796E-02   76.0000000    
   1.19793601E-02   77.0000000    
   1.16031496E-02   78.0000000    
   1.12310406E-02   79.0000000    
   1.08390972E-02   80.0000000    
   1.04522295E-02   81.0000000    
   1.00708613E-02   82.0000000    
   9.67172440E-03   83.0000000    
   9.27700009E-03   84.0000000    
   8.75692721E-03   85.0000000    
   8.22878443E-03   86.0000000    
   7.74936425E-03   87.0000000    
   7.26360083E-03   88.0000000    
   6.82411948E-03   89.0000000    
   6.37994288E-03   90.0000000    
   5.95666701E-03   91.0000000    
   5.55397337E-03   92.0000000    
   5.17146057E-03   93.0000000    
   4.82861605E-03   94.0000000    
   4.48438292E-03   95.0000000    
   4.15907800E-03   96.0000000    
   3.85223888E-03   97.0000000    
   3.56333377E-03   98.0000000    
   3.29183345E-03   99.0000000    
   3.03716445E-03   100.000000    
   2.73389346E-03   101.000000    
   2.47912528E-03   102.000000    
   2.24440056E-03   103.000000    
   2.02889228E-03   104.000000    
   2.00000009E-03   105.000000    
   2.00000009E-03   106.000000    
   2.00000009E-03   107.000000    
   2.00000009E-03   108.000000    
   2.00000009E-03   109.000000    
   2.00000009E-03   110.000000    
   2.00000009E-03   111.000000    
   2.00000009E-03   112.000000    
   2.00000009E-03   113.000000    
   2.00000009E-03   114.000000    
   2.00000009E-03   115.000000    
   2.00000009E-03   116.000000    
   2.00000009E-03   117.000000    
   2.00000009E-03   118.000000    
   2.00000009E-03   119.000000    
   2.00000009E-03   120.000000    
   2.00000009E-03   121.000000    
   2.00000009E-03   122.000000    
   2.00000009E-03   123.000000    
   2.00000009E-03   124.000000    
   2.00000009E-03   125.000000    
   2.00000009E-03   126.000000    
   2.00000009E-03   127.000000    
   2.00000009E-03   128.000000    
   2.00000009E-03   129.000000    
   2.00000009E-03   130.000000    
   2.00000009E-03   131.000000    
   2.00000009E-03   132.000000    
   2.00000009E-03   133.000000    
   2.00000009E-03   134.000000    
   2.00000009E-03   135.000000    
   2.00000009E-03   136.000000    
   2.00000009E-03   137.000000    
   2.00000009E-03   138.000000    
   2.00000009E-03   139.000000    
   2.00000009E-03   140.000000    
   2.00000009E-03   141.000000    
   2.00000009E-03   142.000000    
   2.00000009E-03   143.000000    
   2.00000009E-03   144.000000    
   2.00000009E-03   145.000000    
   2.00000009E-03   146.000000    
   2.00000009E-03   147.000000    
   2.00000009E-03   148.000000    
   2.00000009E-03   149.000000    
   2.00000009E-03   150.000000    
