   2.00000009E-03   0.00000000    
   2.00000009E-03   1.00000000    
   2.00000009E-03   2.00000000    
   2.00000009E-03   3.00000000    
   2.00000009E-03   4.00000000    
   2.00000009E-03   5.00000000    
   2.00000009E-03   6.00000000    
   2.00000009E-03   7.00000000    
   2.00000009E-03   8.00000000    
   2.00000009E-03   9.00000000    
   2.00000009E-03   10.0000000    
   5.79430908E-03   11.0000000    
   1.27462791E-02   12.0000000    
   1.39361490E-02   13.0000000    
   1.48700234E-02   14.0000000    
   1.56473983E-02   15.0000000    
   1.62655171E-02   16.0000000    
   1.67505145E-02   17.0000000    
   1.71025451E-02   18.0000000    
   1.73220001E-02   19.0000000    
   1.74627360E-02   20.0000000    
   1.75784286E-02   21.0000000    
   1.76690072E-02   22.0000000    
   1.77613162E-02   23.0000000    
   1.78285781E-02   24.0000000    
   1.79242343E-02   25.0000000    
   1.79682113E-02   26.0000000    
   1.80405620E-02   27.0000000    
   1.81145836E-02   28.0000000    
   1.81902256E-02   29.0000000    
   1.82675701E-02   30.0000000    
   1.83199625E-02   31.0000000    
   1.84006300E-02   32.0000000    
   1.84829216E-02   33.0000000    
   1.85668431E-02   34.0000000    
   1.86258610E-02   35.0000000    
   1.87130943E-02   36.0000000    
   1.88018698E-02   37.0000000    
   1.88923050E-02   38.0000000    
   1.89578421E-02   39.0000000    
   1.90514773E-02   40.0000000    
   1.91466324E-02   41.0000000    
   1.92170143E-02   42.0000000    
   1.93153229E-02   43.0000000    
   1.94151923E-02   44.0000000    
   1.94902904E-02   45.0000000    
   1.95932388E-02   46.0000000    
   1.96714569E-02   47.0000000    
   1.97773818E-02   48.0000000    
   1.98587142E-02   49.0000000    
   1.99415572E-02   50.0000000    
   2.00519823E-02   51.0000000    
   2.01378278E-02   52.0000000    
   2.02251896E-02   53.0000000    
   2.03140248E-02   54.0000000    
   2.04043221E-02   55.0000000    
   2.04960890E-02   56.0000000    
   2.05893610E-02   57.0000000    
   2.06582192E-02   58.0000000    
   2.07544081E-02   59.0000000    
   2.08262373E-02   60.0000000    
   2.09252723E-02   61.0000000    
   2.10000537E-02   62.0000000    
   2.10763160E-02   63.0000000    
   2.11540218E-02   64.0000000    
   2.12332085E-02   65.0000000    
   2.12883111E-02   66.0000000    
   2.13703439E-02   67.0000000    
   2.14284360E-02   68.0000000    
   2.14625821E-02   69.0000000    
   2.27478649E-02   70.0000000    
   2.27776561E-02   71.0000000    
   2.28169616E-02   72.0000000    
   2.28371322E-02   73.0000000    
   2.28477288E-02   74.0000000    
   2.28296593E-02   75.0000000    
   2.27925088E-02   76.0000000    
   2.27458421E-02   77.0000000    
   2.26896778E-02   78.0000000    
   2.26335563E-02   79.0000000    
   2.25774646E-02   80.0000000    
   2.25118939E-02   81.0000000    
   2.24463679E-02   82.0000000    
   2.23904084E-02   83.0000000    
   2.23249812E-02   84.0000000    
   2.22596060E-02   85.0000000    
   2.21942812E-02   86.0000000    
   2.21290085E-02   87.0000000    
   2.20637899E-02   88.0000000    
   2.19986271E-02   89.0000000    
   2.19335146E-02   90.0000000    
   2.18684599E-02   91.0000000    
   2.18034554E-02   92.0000000    
   2.17385162E-02   93.0000000    
   2.16736272E-02   94.0000000    
   2.16087978E-02   95.0000000    
   2.15440243E-02   96.0000000    
   2.14793123E-02   97.0000000    
   2.14146543E-02   98.0000000    
   2.13500559E-02   99.0000000    
   2.12855209E-02   100.000000    
   2.12210491E-02   101.000000    
   2.11566295E-02   102.000000    
   2.10922770E-02   103.000000    
   2.10279860E-02   104.000000    
   2.09637582E-02   105.000000    
   2.08995901E-02   106.000000    
   2.08354890E-02   107.000000    
   2.07714476E-02   108.000000    
   2.04567909E-02   109.000000    
   2.01128423E-02   110.000000    
   1.97679289E-02   111.000000    
   1.94222480E-02   112.000000    
   1.90759636E-02   113.000000    
   1.87292825E-02   114.000000    
   1.83823518E-02   115.000000    
   1.80354174E-02   116.000000    
   1.76885910E-02   117.000000    
   1.73421036E-02   118.000000    
   1.69961546E-02   119.000000    
   1.66508723E-02   120.000000    
   1.63065400E-02   121.000000    
   1.59632619E-02   122.000000    
   1.56212142E-02   123.000000    
   1.52806649E-02   124.000000    
   1.49417482E-02   125.000000    
   1.46046337E-02   126.000000    
   1.42695038E-02   127.000000    
   1.39365811E-02   128.000000    
   1.36059560E-02   129.000000    
   1.32778594E-02   130.000000    
   1.29524497E-02   131.000000    
   1.26298433E-02   132.000000    
   1.23102553E-02   133.000000    
   1.19938431E-02   134.000000    
   1.16807176E-02   135.000000    
   1.13710975E-02   136.000000    
   1.10650202E-02   137.000000    
   1.07626785E-02   138.000000    
   1.04641998E-02   139.000000    
   1.01697212E-02   140.000000    
   9.87933390E-03   141.000000    
   9.59316455E-03   142.000000    
   9.31132957E-03   143.000000    
   9.03389044E-03   144.000000    
   8.76101479E-03   145.000000    
   8.49273056E-03   146.000000    
   8.22913926E-03   147.000000    
   7.97030237E-03   148.000000    
   7.71630090E-03   149.000000    
   7.44691398E-03   150.000000    
