   4.58775663       0.00000000    
   4.49800110       1.00000000    
   4.42142248       2.00000000    
   4.35832977       3.00000000    
   4.30721235       4.00000000    
   4.26670218       5.00000000    
   4.23594952       6.00000000    
   4.21343803       7.00000000    
   4.19716740       8.00000000    
   4.18385363       9.00000000    
   4.16396904       10.0000000    
   4.12764645       11.0000000    
   4.08348322       12.0000000    
   4.07605839       13.0000000    
   4.07027864       14.0000000    
   4.06552649       15.0000000    
   4.06193209       16.0000000    
   4.05936527       17.0000000    
   4.05788946       18.0000000    
   4.05755043       19.0000000    
   4.05789852       20.0000000    
   4.05846548       21.0000000    
   4.05925560       22.0000000    
   4.06002855       23.0000000    
   4.06102562       24.0000000    
   4.06176567       25.0000000    
   4.06297350       26.0000000    
   4.06392384       27.0000000    
   4.06485844       28.0000000    
   4.06577778       29.0000000    
   4.06667995       30.0000000    
   4.06781101       31.0000000    
   4.06868124       32.0000000    
   4.06953621       33.0000000    
   4.07037401       34.0000000    
   4.07144213       35.0000000    
   4.07224751       36.0000000    
   4.07303619       37.0000000    
   4.07380772       38.0000000    
   4.07481098       39.0000000    
   4.07554913       40.0000000    
   4.07627058       41.0000000    
   4.07722473       42.0000000    
   4.07791185       43.0000000    
   4.07857990       44.0000000    
   4.07948399       45.0000000    
   4.08011770       46.0000000    
   4.08098841       47.0000000    
   4.08158731       48.0000000    
   4.08242226       49.0000000    
   4.08324051       50.0000000    
   4.08378553       51.0000000    
   4.08456898       52.0000000    
   4.08533478       53.0000000    
   4.08608341       54.0000000    
   4.08681440       55.0000000    
   4.08752728       56.0000000    
   4.08822250       57.0000000    
   4.08915997       58.0000000    
   4.08981943       59.0000000    
   4.09072304       60.0000000    
   4.09134722       61.0000000    
   4.09221554       62.0000000    
   4.09306622       63.0000000    
   4.09389973       64.0000000    
   4.09471512       65.0000000    
   4.09577894       66.0000000    
   4.09656000       67.0000000    
   4.09758949       68.0000000    
   4.09886742       69.0000000    
   4.08697891       70.0000000    
   4.08827686       71.0000000    
   4.08946037       72.0000000    
   4.09086990       73.0000000    
   4.09239292       74.0000000    
   4.09425497       75.0000000    
   4.09634352       76.0000000    
   4.09854507       77.0000000    
   4.10085773       78.0000000    
   4.10316896       79.0000000    
   4.10547829       80.0000000    
   4.10789919       81.0000000    
   4.11031866       82.0000000    
   4.11262369       83.0000000    
   4.11503887       84.0000000    
   4.11745262       85.0000000    
   4.11986494       86.0000000    
   4.12227488       87.0000000    
   4.12468338       88.0000000    
   4.12709045       89.0000000    
   4.12949514       90.0000000    
   4.13189745       91.0000000    
   4.13429832       92.0000000    
   4.13669777       93.0000000    
   4.13909531       94.0000000    
   4.14149094       95.0000000    
   4.14388466       96.0000000    
   4.14627695       97.0000000    
   4.14866686       98.0000000    
   4.15105486       99.0000000    
   4.15344191       100.000000    
   4.15582609       101.000000    
   4.15820885       102.000000    
   4.16059017       103.000000    
   4.16296911       104.000000    
   4.16534662       105.000000    
   4.16772223       106.000000    
   4.17009592       107.000000    
   4.17246771       108.000000    
   4.17737865       109.000000    
   4.18251896       110.000000    
   4.18760109       111.000000    
   4.19262314       112.000000    
   4.19758654       113.000000    
   4.20249033       114.000000    
   4.20733547       115.000000    
   4.21212053       116.000000    
   4.21684742       117.000000    
   4.22151566       118.000000    
   4.22612476       119.000000    
   4.23067522       120.000000    
   4.23516750       121.000000    
   4.23960114       122.000000    
   4.24397755       123.000000    
   4.24829578       124.000000    
   4.25255680       125.000000    
   4.25676107       126.000000    
   4.26090956       127.000000    
   4.26500082       128.000000    
   4.26903725       129.000000    
   4.27301788       130.000000    
   4.27694416       131.000000    
   4.28081656       132.000000    
   4.28463507       133.000000    
   4.28840065       134.000000    
   4.29211426       135.000000    
   4.29577494       136.000000    
   4.29938602       137.000000    
   4.30294561       138.000000    
   4.30645609       139.000000    
   4.30991745       140.000000    
   4.31333065       141.000000    
   4.31669569       142.000000    
   4.32001448       143.000000    
   4.32328796       144.000000    
   4.32651615       145.000000    
   4.32969856       146.000000    
   4.33283901       147.000000    
   4.33593655       148.000000    
   4.33899164       149.000000    
   4.34207344       150.000000    
