   4.58775663       0.00000000    
   4.56831169       1.00000000    
   4.54878283       2.00000000    
   4.52940702       3.00000000    
   4.51007414       4.00000000    
   4.49089336       5.00000000    
   4.47215414       6.00000000    
   4.45333099       7.00000000    
   4.43544865       8.00000000    
   4.41752386       9.00000000    
   4.40034723       10.0000000    
   4.38359880       11.0000000    
   4.36722231       12.0000000    
   4.35190725       13.0000000    
   4.33653498       14.0000000    
   4.32272243       15.0000000    
   4.30898094       16.0000000    
   4.29627562       17.0000000    
   4.28422880       18.0000000    
   4.27265310       19.0000000    
   4.26236773       20.0000000    
   4.25209618       21.0000000    
   4.24336290       22.0000000    
   4.23480701       23.0000000    
   4.22690058       24.0000000    
   4.21987486       25.0000000    
   4.21341133       26.0000000    
   4.20755577       27.0000000    
   4.20239019       28.0000000    
   4.19777775       29.0000000    
   4.19337559       30.0000000    
   4.18900156       31.0000000    
   4.18398905       32.0000000    
   4.17772341       33.0000000    
   4.16999912       34.0000000    
   4.16146803       35.0000000    
   4.15318251       36.0000000    
   4.14475918       37.0000000    
   4.13657951       38.0000000    
   4.12881899       39.0000000    
   4.12156391       40.0000000    
   4.11503458       41.0000000    
   4.10941935       42.0000000    
   4.10464764       43.0000000    
   4.10036230       44.0000000    
   4.09709740       45.0000000    
   4.09420156       46.0000000    
   4.09219170       47.0000000    
   4.09086037       48.0000000    
   4.08998108       49.0000000    
   4.08931732       50.0000000    
   4.08912611       51.0000000    
   4.08916330       52.0000000    
   4.08943224       53.0000000    
   4.08993530       54.0000000    
   4.09041977       55.0000000    
   4.09088469       56.0000000    
   4.09158850       57.0000000    
   4.09227419       58.0000000    
   4.09320164       59.0000000    
   4.09385109       60.0000000    
   4.09474373       61.0000000    
   4.09561872       62.0000000    
   4.09673738       63.0000000    
   4.09757805       64.0000000    
   4.09866285       65.0000000    
   4.09946966       66.0000000    
   4.10052204       67.0000000    
   4.10181952       68.0000000    
   4.10283804       69.0000000    
   4.08879089       70.0000000    
   4.09008932       71.0000000    
   4.09150028       72.0000000    
   4.09302378       73.0000000    
   4.09454679       74.0000000    
   4.09629488       75.0000000    
   4.09815598       76.0000000    
   4.10012960       77.0000000    
   4.10221386       78.0000000    
   4.10429764       79.0000000    
   4.10649347       80.0000000    
   4.10868788       81.0000000    
   4.11088133       82.0000000    
   4.11318541       83.0000000    
   4.11548805       84.0000000    
   4.11778927       85.0000000    
   4.12020063       86.0000000    
   4.12249851       87.0000000    
   4.12490654       88.0000000    
   4.12720108       89.0000000    
   4.12960577       90.0000000    
   4.13200855       91.0000000    
   4.13440990       92.0000000    
   4.13680840       93.0000000    
   4.13909531       94.0000000    
   4.14149094       95.0000000    
   4.14388466       96.0000000    
   4.14627695       97.0000000    
   4.14866686       98.0000000    
   4.15105486       99.0000000    
   4.15344191       100.000000    
   4.15582609       101.000000    
   4.15820885       102.000000    
   4.16059017       103.000000    
   4.16296911       104.000000    
   4.16534662       105.000000    
   4.16772223       106.000000    
   4.17009592       107.000000    
   4.17246771       108.000000    
   4.17737865       109.000000    
   4.18251896       110.000000    
   4.18760109       111.000000    
   4.19262314       112.000000    
   4.19758654       113.000000    
   4.20249033       114.000000    
   4.20733547       115.000000    
   4.21212053       116.000000    
   4.21684742       117.000000    
   4.22151566       118.000000    
   4.22612476       119.000000    
   4.23067522       120.000000    
   4.23516750       121.000000    
   4.23960114       122.000000    
   4.24397755       123.000000    
   4.24829578       124.000000    
   4.25255680       125.000000    
   4.25676107       126.000000    
   4.26090956       127.000000    
   4.26500082       128.000000    
   4.26903725       129.000000    
   4.27301788       130.000000    
   4.27694416       131.000000    
   4.28081656       132.000000    
   4.28463507       133.000000    
   4.28840065       134.000000    
   4.29211426       135.000000    
   4.29577494       136.000000    
   4.29938602       137.000000    
   4.30294561       138.000000    
   4.30645609       139.000000    
   4.30991745       140.000000    
   4.31333065       141.000000    
   4.31669569       142.000000    
   4.32001448       143.000000    
   4.32328796       144.000000    
   4.32651615       145.000000    
   4.32969856       146.000000    
   4.33283901       147.000000    
   4.33593655       148.000000    
   4.33899164       149.000000    
   4.34207344       150.000000    
