   4.58775663       0.00000000    
   4.57505798       1.00000000    
   4.56232357       2.00000000    
   4.54963017       3.00000000    
   4.53693819       4.00000000    
   4.52428675       5.00000000    
   4.51175833       6.00000000    
   4.49919844       7.00000000    
   4.48692417       8.00000000    
   4.47462845       9.00000000    
   4.46256971       10.0000000    
   4.45064163       11.0000000    
   4.43883085       12.0000000    
   4.42736769       13.0000000    
   4.41587734       14.0000000    
   4.40493298       15.0000000    
   4.39399958       16.0000000    
   4.38344288       17.0000000    
   4.37314606       18.0000000    
   4.36300564       19.0000000    
   4.35339451       20.0000000    
   4.34379625       21.0000000    
   4.33486509       22.0000000    
   4.32599258       23.0000000    
   4.31752348       24.0000000    
   4.30946112       25.0000000    
   4.30149889       26.0000000    
   4.29421711       27.0000000    
   4.28692293       28.0000000    
   4.28031301       29.0000000    
   4.27380896       30.0000000    
   4.26772308       31.0000000    
   4.26201677       32.0000000    
   4.25645828       33.0000000    
   4.25151730       34.0000000    
   4.24660873       35.0000000    
   4.24228096       36.0000000    
   4.23808050       37.0000000    
   4.23416805       38.0000000    
   4.23063898       39.0000000    
   4.22717571       40.0000000    
   4.22429657       41.0000000    
   4.22135830       42.0000000    
   4.21895409       43.0000000    
   4.21648550       44.0000000    
   4.21403313       45.0000000    
   4.21165419       46.0000000    
   4.20873976       47.0000000    
   4.20565176       48.0000000    
   4.20164537       49.0000000    
   4.19740295       50.0000000    
   4.19232082       51.0000000    
   4.18672228       52.0000000    
   4.18166399       53.0000000    
   4.17655945       54.0000000    
   4.17153740       55.0000000    
   4.16672277       56.0000000    
   4.16205359       57.0000000    
   4.15780306       58.0000000    
   4.15367699       59.0000000    
   4.14972210       60.0000000    
   4.14640427       61.0000000    
   4.14314795       62.0000000    
   4.14063454       63.0000000    
   4.13824654       64.0000000    
   4.13622618       65.0000000    
   4.13459587       66.0000000    
   4.13337564       67.0000000    
   4.13234472       68.0000000    
   4.13174963       69.0000000    
   4.10099602       70.0000000    
   4.10174513       71.0000000    
   4.10260391       72.0000000    
   4.10346031       73.0000000    
   4.10465002       74.0000000    
   4.10572767       75.0000000    
   4.10702705       76.0000000    
   4.10843658       77.0000000    
   4.10984564       78.0000000    
   4.11147738       79.0000000    
   4.11299753       80.0000000    
   4.11473942       81.0000000    
   4.11648035       82.0000000    
   4.11833239       83.0000000    
   4.12007236       84.0000000    
   4.12203360       85.0000000    
   4.12399483       86.0000000    
   4.12595463       87.0000000    
   4.12802505       88.0000000    
   4.12998295       89.0000000    
   4.13216209       90.0000000    
   4.13422823       91.0000000    
   4.13640499       92.0000000    
   4.13857985       93.0000000    
   4.14075422       94.0000000    
   4.14292669       95.0000000    
   4.14520836       96.0000000    
   4.14748812       97.0000000    
   4.14965725       98.0000000    
   4.15193415       99.0000000    
   4.15420961       100.000000    
   4.15659332       101.000000    
   4.15886593       102.000000    
   4.16113663       103.000000    
   4.16340590       104.000000    
   4.16578293       105.000000    
   4.16804886       106.000000    
   4.17042208       107.000000    
   4.17297173       108.000000    
   4.17790127       109.000000    
   4.18303537       110.000000    
   4.18811131       111.000000    
   4.19312811       112.000000    
   4.19783592       113.000000    
   4.20273685       114.000000    
   4.20757866       115.000000    
   4.21236086       116.000000    
   4.21708488       117.000000    
   4.22174931       118.000000    
   4.22635555       119.000000    
   4.23090267       120.000000    
   4.23516750       121.000000    
   4.23960114       122.000000    
   4.24397755       123.000000    
   4.24829578       124.000000    
   4.25255680       125.000000    
   4.25676107       126.000000    
   4.26090956       127.000000    
   4.26500082       128.000000    
   4.26903725       129.000000    
   4.27301788       130.000000    
   4.27694416       131.000000    
   4.28081656       132.000000    
   4.28463507       133.000000    
   4.28840065       134.000000    
   4.29211426       135.000000    
   4.29577494       136.000000    
   4.29938602       137.000000    
   4.30294561       138.000000    
   4.30645609       139.000000    
   4.30991745       140.000000    
   4.31333065       141.000000    
   4.31669569       142.000000    
   4.32001448       143.000000    
   4.32328796       144.000000    
   4.32651615       145.000000    
   4.32969856       146.000000    
   4.33283901       147.000000    
   4.33593655       148.000000    
   4.33899164       149.000000    
   4.34207344       150.000000    
