   2.00000009E-03   0.00000000    
   2.00000009E-03   1.00000000    
   2.00000009E-03   2.00000000    
   2.00000009E-03   3.00000000    
   2.00000009E-03   4.00000000    
   2.00000009E-03   5.00000000    
   2.00000009E-03   6.00000000    
   2.00000009E-03   7.00000000    
   2.00000009E-03   8.00000000    
   2.00000009E-03   9.00000000    
   2.00000009E-03   10.0000000    
   2.00000009E-03   11.0000000    
   2.00000009E-03   12.0000000    
   2.00000009E-03   13.0000000    
   2.00000009E-03   14.0000000    
   5.62962843E-03   15.0000000    
   1.03329625E-02   16.0000000    
   1.18946498E-02   17.0000000    
   1.32744880E-02   18.0000000    
   1.44635271E-02   19.0000000    
   1.54685443E-02   20.0000000    
   1.62828527E-02   21.0000000    
   1.69374552E-02   22.0000000    
   1.74597073E-02   23.0000000    
   1.78873893E-02   24.0000000    
   1.82192903E-02   25.0000000    
   1.84788946E-02   26.0000000    
   1.86739359E-02   27.0000000    
   1.88204572E-02   28.0000000    
   1.89345777E-02   29.0000000    
   1.90243572E-02   30.0000000    
   1.90978963E-02   31.0000000    
   1.91551968E-02   32.0000000    
   1.92124657E-02   33.0000000    
   1.92696955E-02   34.0000000    
   1.93187911E-02   35.0000000    
   1.93597656E-02   36.0000000    
   1.94087960E-02   37.0000000    
   1.94497164E-02   38.0000000    
   1.94986798E-02   39.0000000    
   1.95475947E-02   40.0000000    
   1.95884090E-02   41.0000000    
   1.96372643E-02   42.0000000    
   1.96780059E-02   43.0000000    
   1.97267812E-02   44.0000000    
   1.97674707E-02   45.0000000    
   1.98161770E-02   46.0000000    
   1.98567845E-02   47.0000000    
   1.99054163E-02   48.0000000    
   1.99459586E-02   49.0000000    
   1.99945215E-02   50.0000000    
   2.00349912E-02   51.0000000    
   2.00754330E-02   52.0000000    
   2.01158319E-02   53.0000000    
   2.01642551E-02   54.0000000    
   2.02045906E-02   55.0000000    
   2.02448778E-02   56.0000000    
   2.02771239E-02   57.0000000    
   2.03173514E-02   58.0000000    
   2.03575604E-02   59.0000000    
   2.03896910E-02   60.0000000    
   2.04298310E-02   61.0000000    
   2.04619151E-02   62.0000000    
   2.04939824E-02   63.0000000    
   2.05260068E-02   64.0000000    
   2.05499977E-02   65.0000000    
   2.05739774E-02   66.0000000    
   2.05979366E-02   67.0000000    
   2.06218679E-02   68.0000000    
   2.06377823E-02   69.0000000    
   2.06536949E-02   70.0000000    
   2.06695832E-02   71.0000000    
   2.06854641E-02   72.0000000    
   2.06933506E-02   73.0000000    
   2.06852835E-02   74.0000000    
   2.06612907E-02   75.0000000    
   2.06213910E-02   76.0000000    
   2.05735639E-02   77.0000000    
   2.05257945E-02   78.0000000    
   2.04701219E-02   79.0000000    
   2.04065610E-02   80.0000000    
   2.03510001E-02   81.0000000    
   2.02875622E-02   82.0000000    
   2.02241968E-02   83.0000000    
   2.01688241E-02   84.0000000    
   2.01055892E-02   85.0000000    
   2.00424232E-02   86.0000000    
   1.99793335E-02   87.0000000    
   1.99163109E-02   88.0000000    
   1.98533628E-02   89.0000000    
   1.97904781E-02   90.0000000    
   1.97276715E-02   91.0000000    
   1.96649432E-02   92.0000000    
   1.96022820E-02   93.0000000    
   1.95396952E-02   94.0000000    
   1.93765033E-02   95.0000000    
   1.90149881E-02   96.0000000    
   1.86527818E-02   97.0000000    
   1.82899889E-02   98.0000000    
   1.79268979E-02   99.0000000    
   1.75637137E-02   100.000000    
   1.72006097E-02   101.000000    
   1.68378819E-02   102.000000    
   1.64756794E-02   103.000000    
   1.61142275E-02   104.000000    
   1.57537721E-02   105.000000    
   1.53945191E-02   106.000000    
   1.50366742E-02   107.000000    
   1.46804787E-02   108.000000    
   1.43261096E-02   109.000000    
   1.39738293E-02   110.000000    
   1.36238253E-02   111.000000    
   1.32762464E-02   112.000000    
   1.29313879E-02   113.000000    
   1.25893960E-02   114.000000    
   1.22504719E-02   115.000000    
   1.19148362E-02   116.000000    
   1.15826316E-02   117.000000    
   1.12540815E-02   118.000000    
   1.09293284E-02   119.000000    
   1.06085455E-02   120.000000    
   1.02919396E-02   121.000000    
   9.97963268E-03   122.000000    
   9.67178401E-03   123.000000    
   9.36851650E-03   124.000000    
   9.07000061E-03   125.000000    
   8.77637416E-03   126.000000    
   8.48770328E-03   127.000000    
   8.20416305E-03   128.000000    
   7.92582333E-03   129.000000    
   7.65281077E-03   130.000000    
   7.38518918E-03   131.000000    
   7.12303910E-03   132.000000    
   6.86645648E-03   133.000000    
   6.56813243E-03   134.000000    
   6.25562295E-03   135.000000    
   5.95467957E-03   136.000000    
   5.66507224E-03   137.000000    
   5.38661005E-03   138.000000    
   5.11905504E-03   139.000000    
   4.86215157E-03   140.000000    
   4.61570313E-03   141.000000    
   4.37942846E-03   142.000000    
   4.15310264E-03   143.000000    
   3.93646024E-03   144.000000    
   3.72924586E-03   145.000000    
   3.53119080E-03   146.000000    
   3.34208319E-03   147.000000    
   3.16158892E-03   148.000000    
   2.98949005E-03   149.000000    
   2.82552768E-03   150.000000    
