   4.58775663       0.00000000    
   4.57505798       1.00000000    
   4.56232357       2.00000000    
   4.54963017       3.00000000    
   4.53693819       4.00000000    
   4.52428675       5.00000000    
   4.51175833       6.00000000    
   4.49919844       7.00000000    
   4.48692417       8.00000000    
   4.47462845       9.00000000    
   4.46256971       10.0000000    
   4.45064163       11.0000000    
   4.43883085       12.0000000    
   4.42736769       13.0000000    
   4.41587734       14.0000000    
   4.40493298       15.0000000    
   4.39399958       16.0000000    
   4.38344288       17.0000000    
   4.37314606       18.0000000    
   4.36300564       19.0000000    
   4.35339451       20.0000000    
   4.34379625       21.0000000    
   4.33486509       22.0000000    
   4.32599258       23.0000000    
   4.31752348       24.0000000    
   4.30946112       25.0000000    
   4.30149889       26.0000000    
   4.29421711       27.0000000    
   4.28692293       28.0000000    
   4.28031301       29.0000000    
   4.27380896       30.0000000    
   4.26772308       31.0000000    
   4.26201677       32.0000000    
   4.25645828       33.0000000    
   4.25151730       34.0000000    
   4.24660778       35.0000000    
   4.24225712       36.0000000    
   4.23798275       37.0000000    
   4.23384428       38.0000000    
   4.22959518       39.0000000    
   4.22436285       40.0000000    
   4.21845341       41.0000000    
   4.21115398       42.0000000    
   4.20344305       43.0000000    
   4.19433069       44.0000000    
   4.18438435       45.0000000    
   4.17436647       46.0000000    
   4.16310406       47.0000000    
   4.15295935       48.0000000    
   4.14197063       49.0000000    
   4.13693571       50.0000000    
   4.13325214       51.0000000    
   4.12986040       52.0000000    
   4.12686110       53.0000000    
   4.12417936       54.0000000    
   4.12182283       55.0000000    
   4.11980104       56.0000000    
   4.11803055       57.0000000    
   4.11660862       58.0000000    
   4.11535597       59.0000000    
   4.11427498       60.0000000    
   4.11355543       61.0000000    
   4.11292124       62.0000000    
   4.11265564       63.0000000    
   4.11247873       64.0000000    
   4.11248589       65.0000000    
   4.11267805       66.0000000    
   4.11305761       67.0000000    
   4.11352968       68.0000000    
   4.11419058       69.0000000    
   4.11504030       70.0000000    
   4.11598444       71.0000000    
   4.11702394       72.0000000    
   4.11806154       73.0000000    
   4.11938524       74.0000000    
   4.12061310       75.0000000    
   4.12203169       76.0000000    
   4.12354612       77.0000000    
   4.12505865       78.0000000    
   4.12676334       79.0000000    
   4.12837124       80.0000000    
   4.13016939       81.0000000    
   4.13196707       82.0000000    
   4.13385916       83.0000000    
   4.13565540       84.0000000    
   4.13764143       85.0000000    
   4.13962746       86.0000000    
   4.14161110       87.0000000    
   4.14369011       88.0000000    
   4.14567184       89.0000000    
   4.14784336       90.0000000    
   4.14991808       91.0000000    
   4.15208673       92.0000000    
   4.15425396       93.0000000    
   4.15672922       94.0000000    
   4.16144705       95.0000000    
   4.16634798       96.0000000    
   4.17118979       97.0000000    
   4.17574263       98.0000000    
   4.18046951       99.0000000    
   4.18513870       100.000000    
   4.18997049       101.000000    
   4.19451904       102.000000    
   4.19901037       103.000000    
   4.20344257       104.000000    
   4.20802736       105.000000    
   4.21234179       106.000000    
   4.21680307       107.000000    
   4.22120094       108.000000    
   4.22533894       109.000000    
   4.22961521       110.000000    
   4.23382998       111.000000    
   4.23798275       112.000000    
   4.24189091       113.000000    
   4.24592638       114.000000    
   4.24990177       115.000000    
   4.25381756       116.000000    
   4.25767517       117.000000    
   4.26147509       118.000000    
   4.26521778       119.000000    
   4.26890421       120.000000    
   4.27237654       121.000000    
   4.27595568       122.000000    
   4.27947950       123.000000    
   4.28295135       124.000000    
   4.28637075       125.000000    
   4.28973770       126.000000    
   4.29305506       127.000000    
   4.29632235       128.000000    
   4.29954052       129.000000    
   4.30271149       130.000000    
   4.30583477       131.000000    
   4.30891323       132.000000    
   4.31194592       133.000000    
   4.31508684       134.000000    
   4.31824303       135.000000    
   4.32133389       136.000000    
   4.32436228       137.000000    
   4.32733011       138.000000    
   4.33024025       139.000000    
   4.33309507       140.000000    
   4.33589745       141.000000    
   4.33864880       142.000000    
   4.34135199       143.000000    
   4.34400892       144.000000    
   4.34662247       145.000000    
   4.34919310       146.000000    
   4.35172415       147.000000    
   4.35421705       148.000000    
   4.35667419       149.000000    
   4.35909653       150.000000    
