   4.68534184       0.00000000    
   4.59773684       1.00000000    
   4.52309561       2.00000000    
   4.46169376       3.00000000    
   4.41202974       4.00000000    
   4.37274885       5.00000000    
   4.34300613       6.00000000    
   4.32131290       7.00000000    
   4.30570555       8.00000000    
   4.29285002       9.00000000    
   4.26430655       10.0000000    
   4.18982601       11.0000000    
   4.16048193       12.0000000    
   4.15780830       13.0000000    
   4.15603113       14.0000000    
   4.15479326       15.0000000    
   4.15410566       16.0000000    
   4.15388012       17.0000000    
   4.15412188       18.0000000    
   4.15483665       19.0000000    
   4.15583420       20.0000000    
   4.15692520       21.0000000    
   4.15811110       22.0000000    
   4.15929461       23.0000000    
   4.16057301       24.0000000    
   4.16175461       25.0000000    
   4.16312647       26.0000000    
   4.16440153       27.0000000    
   4.16567469       28.0000000    
   4.16694784       29.0000000    
   4.16821861       30.0000000    
   4.16958475       31.0000000    
   4.17085409       32.0000000    
   4.17212200       33.0000000    
   4.17338800       34.0000000    
   4.17474985       35.0000000    
   4.17601442       36.0000000    
   4.17727804       37.0000000    
   4.17854023       38.0000000    
   4.17989731       39.0000000    
   4.18229866       40.0000000    
   4.18555975       41.0000000    
   4.18903828       42.0000000    
   4.19224024       43.0000000    
   4.19541407       44.0000000    
   4.19880104       45.0000000    
   4.20191813       46.0000000    
   4.20524597       47.0000000    
   4.20830727       48.0000000    
   4.21157646       49.0000000    
   4.21481705       50.0000000    
   4.21779585       51.0000000    
   4.22097969       52.0000000    
   4.22413445       53.0000000    
   4.22726154       54.0000000    
   4.23036146       55.0000000    
   4.23343277       56.0000000    
   4.23647738       57.0000000    
   4.23971605       58.0000000    
   4.24270487       59.0000000    
   4.24588585       60.0000000    
   4.24882174       61.0000000    
   4.25194693       62.0000000    
   4.25504208       63.0000000    
   4.25811005       64.0000000    
   4.26114941       65.0000000    
   4.26436806       66.0000000    
   4.26735210       67.0000000    
   4.27051163       68.0000000    
   4.27384233       69.0000000    
   4.27693987       70.0000000    
   4.28020525       71.0000000    
   4.28324318       72.0000000    
   4.28663778       73.0000000    
   4.29018497       74.0000000    
   4.29425001       75.0000000    
   4.29862213       76.0000000    
   4.30310106       77.0000000    
   4.30767488       78.0000000    
   4.31216192       79.0000000    
   4.31656456       80.0000000    
   4.32104301       81.0000000    
   4.32542992       82.0000000    
   4.32957220       83.0000000    
   4.33378220       84.0000000    
   4.33830738       85.0000000    
   4.34276772       86.0000000    
   4.34708214       87.0000000    
   4.35125685       88.0000000    
   4.35529852       89.0000000    
   4.35921240       90.0000000    
   4.36300421       91.0000000    
   4.36668062       92.0000000    
   4.37024784       93.0000000    
   4.37371063       94.0000000    
   4.37707424       95.0000000    
   4.38034487       96.0000000    
   4.38352728       97.0000000    
   4.38662672       98.0000000    
   4.38964844       99.0000000    
   4.39259672       100.000000    
   4.39567900       101.000000    
   4.39858818       102.000000    
   4.40141582       103.000000    
   4.40416908       104.000000    
   4.40685177       105.000000    
   4.40947056       106.000000    
   4.41203213       107.000000    
   4.41454029       108.000000    
   4.41700029       109.000000    
   4.41941738       110.000000    
   4.42179585       111.000000    
   4.42413902       112.000000    
   4.42639542       113.000000    
   4.42858410       114.000000    
   4.43076944       115.000000    
   4.43295336       116.000000    
   4.43513441       117.000000    
   4.43731308       118.000000    
   4.43948793       119.000000    
   4.44162941       120.000000    
   4.44376850       121.000000    
   4.44590759       122.000000    
   4.44804478       123.000000    
   4.45018053       124.000000    
   4.45231628       125.000000    
   4.45445013       126.000000    
   4.45658302       127.000000    
   4.45871496       128.000000    
   4.46084499       129.000000    
   4.46297455       130.000000    
   4.46510267       131.000000    
   4.46722984       132.000000    
   4.46935654       133.000000    
   4.47148085       134.000000    
   4.47360516       135.000000    
   4.47572756       136.000000    
   4.47784948       137.000000    
   4.47996950       138.000000    
   4.48208952       139.000000    
   4.48420763       140.000000    
   4.48632479       141.000000    
   4.48844099       142.000000    
   4.49055576       143.000000    
   4.49267006       144.000000    
   4.49478292       145.000000    
   4.49689388       146.000000    
   4.49900532       147.000000    
   4.50111437       148.000000    
   4.50322294       149.000000    
   4.50533056       150.000000    
