   4.58775663       0.00000000    
   4.49800110       1.00000000    
   4.42142248       2.00000000    
   4.35832977       3.00000000    
   4.30721235       4.00000000    
   4.26670218       5.00000000    
   4.23594952       6.00000000    
   4.21331644       7.00000000    
   4.19364929       8.00000000    
   4.16437292       9.00000000    
   4.12049437       10.0000000    
   4.07568979       11.0000000    
   4.04794979       12.0000000    
   4.04447460       13.0000000    
   4.04198551       14.0000000    
   4.04009104       15.0000000    
   4.03880501       16.0000000    
   4.03803349       17.0000000    
   4.03778410       18.0000000    
   4.03806353       19.0000000    
   4.03866005       20.0000000    
   4.03936148       21.0000000    
   4.04016829       22.0000000    
   4.04097319       23.0000000    
   4.04188442       24.0000000    
   4.04268551       25.0000000    
   4.04370165       26.0000000    
   4.04460764       27.0000000    
   4.04551220       28.0000000    
   4.04641485       29.0000000    
   4.04731607       30.0000000    
   4.04832506       31.0000000    
   4.04922295       32.0000000    
   4.05011940       33.0000000    
   4.05101442       34.0000000    
   4.05201721       35.0000000    
   4.05290890       36.0000000    
   4.05379963       37.0000000    
   4.05468798       38.0000000    
   4.05568504       39.0000000    
   4.05657053       40.0000000    
   4.05745506       41.0000000    
   4.05844736       42.0000000    
   4.05932903       43.0000000    
   4.06020784       44.0000000    
   4.06119728       45.0000000    
   4.06207371       46.0000000    
   4.06306028       47.0000000    
   4.06393337       48.0000000    
   4.06491661       49.0000000    
   4.06589842       50.0000000    
   4.06676769       51.0000000    
   4.06774712       52.0000000    
   4.06872511       53.0000000    
   4.06970263       54.0000000    
   4.07067776       55.0000000    
   4.07165194       56.0000000    
   4.07262564       57.0000000    
   4.07370996       58.0000000    
   4.07468033       59.0000000    
   4.07576180       60.0000000    
   4.07673025       61.0000000    
   4.07781076       62.0000000    
   4.07888937       63.0000000    
   4.07996702       64.0000000    
   4.08104324       65.0000000    
   4.08223200       66.0000000    
   4.08464670       67.0000000    
   4.08969069       68.0000000    
   4.09494305       69.0000000    
   4.09986258       70.0000000    
   4.10498476       71.0000000    
   4.10977983       72.0000000    
   4.11502743       73.0000000    
   4.12045574       74.0000000    
   4.12654972       75.0000000    
   4.13302803       76.0000000    
   4.13961935       77.0000000    
   4.14630604       78.0000000    
   4.15284395       79.0000000    
   4.15922880       80.0000000    
   4.16567802       81.0000000    
   4.17196178       82.0000000    
   4.17787409       83.0000000    
   4.18382931       84.0000000    
   4.18961573       85.0000000    
   4.19523382       86.0000000    
   4.20068455       87.0000000    
   4.20596790       88.0000000    
   4.21108484       89.0000000    
   4.21665764       90.0000000    
   4.22212029       91.0000000    
   4.22729397       92.0000000    
   4.23219490       93.0000000    
   4.23683596       94.0000000    
   4.24123287       95.0000000    
   4.24540043       96.0000000    
   4.24935150       97.0000000    
   4.25310326       98.0000000    
   4.25666618       99.0000000    
   4.26005554       100.000000    
   4.26314735       101.000000    
   4.26603508       102.000000    
   4.26882887       103.000000    
   4.27153492       104.000000    
   4.27416086       105.000000    
   4.27671146       106.000000    
   4.27919340       107.000000    
   4.28161192       108.000000    
   4.28397226       109.000000    
   4.28628016       110.000000    
   4.28854132       111.000000    
   4.29075909       112.000000    
   4.29286432       113.000000    
   4.29487848       114.000000    
   4.29689026       115.000000    
   4.29889870       116.000000    
   4.30090523       117.000000    
   4.30290985       118.000000    
   4.30490828       119.000000    
   4.30685854       120.000000    
   4.30880785       121.000000    
   4.31075573       122.000000    
   4.31270266       123.000000    
   4.31464863       124.000000    
   4.31659317       125.000000    
   4.31853771       126.000000    
   4.32048035       127.000000    
   4.32242250       128.000000    
   4.32436323       129.000000    
   4.32630253       130.000000    
   4.32824183       131.000000    
   4.33017969       132.000000    
   4.33211613       133.000000    
   4.33405209       134.000000    
   4.33598661       135.000000    
   4.33792162       136.000000    
   4.33985329       137.000000    
   4.34178495       138.000000    
   4.34371614       139.000000    
   4.34564590       140.000000    
   4.34757519       141.000000    
   4.34950304       142.000000    
   4.35142946       143.000000    
   4.35335588       144.000000    
   4.35528088       145.000000    
   4.35720444       146.000000    
   4.35912800       147.000000    
   4.36104918       148.000000    
   4.36297083       149.000000    
   4.36489058       150.000000    
