   4.68534184       0.00000000    
   4.59773684       1.00000000    
   4.52309561       2.00000000    
   4.46169376       3.00000000    
   4.41202974       4.00000000    
   4.37274885       5.00000000    
   4.34300613       6.00000000    
   4.32131290       7.00000000    
   4.30570459       8.00000000    
   4.29256821       9.00000000    
   4.25759840       10.0000000    
   4.18520927       11.0000000    
   4.16048193       12.0000000    
   4.15780830       13.0000000    
   4.15603113       14.0000000    
   4.15479326       15.0000000    
   4.15410566       16.0000000    
   4.15388012       17.0000000    
   4.15412188       18.0000000    
   4.15483665       19.0000000    
   4.15583420       20.0000000    
   4.15692520       21.0000000    
   4.15811110       22.0000000    
   4.15929461       23.0000000    
   4.16057301       24.0000000    
   4.16175461       25.0000000    
   4.16312647       26.0000000    
   4.16440153       27.0000000    
   4.16567469       28.0000000    
   4.16694784       29.0000000    
   4.16821861       30.0000000    
   4.16958475       31.0000000    
   4.17085409       32.0000000    
   4.17299604       33.0000000    
   4.17793798       34.0000000    
   4.18305254       35.0000000    
   4.18785334       36.0000000    
   4.19258595       37.0000000    
   4.19724941       38.0000000    
   4.20207405       39.0000000    
   4.20659828       40.0000000    
   4.21105576       41.0000000    
   4.21566343       42.0000000    
   4.21998358       43.0000000    
   4.22423649       44.0000000    
   4.22863245       45.0000000    
   4.23275042       46.0000000    
   4.23700476       47.0000000    
   4.24099112       48.0000000    
   4.24510670       49.0000000    
   4.24915314       50.0000000    
   4.25294256       51.0000000    
   4.25685310       52.0000000    
   4.26069593       53.0000000    
   4.26447105       54.0000000    
   4.26818037       55.0000000    
   4.27182293       56.0000000    
   4.27540112       57.0000000    
   4.27907610       58.0000000    
   4.28252316       59.0000000    
   4.28606272       60.0000000    
   4.28938341       61.0000000    
   4.29325104       62.0000000    
   4.29704237       63.0000000    
   4.30071402       64.0000000    
   4.30426979       65.0000000    
   4.30785847       66.0000000    
   4.31119442       67.0000000    
   4.31455898       68.0000000    
   4.31794357       69.0000000    
   4.32109499       70.0000000    
   4.22399426       71.0000000    
   4.22551727       72.0000000    
   4.22723579       73.0000000    
   4.22905207       74.0000000    
   4.23116398       75.0000000    
   4.23347139       76.0000000    
   4.23587561       77.0000000    
   4.23837614       78.0000000    
   4.24087477       79.0000000    
   4.24337244       80.0000000    
   4.24596596       81.0000000    
   4.24855709       82.0000000    
   4.25104904       83.0000000    
   4.25363684       84.0000000    
   4.25622272       85.0000000    
   4.25880623       86.0000000    
   4.26138783       87.0000000    
   4.26396799       88.0000000    
   4.26654530       89.0000000    
   4.26912117       90.0000000    
   4.27169466       91.0000000    
   4.27426672       92.0000000    
   4.27683640       93.0000000    
   4.27940369       94.0000000    
   4.28197002       95.0000000    
   4.28453350       96.0000000    
   4.28709602       97.0000000    
   4.28965569       98.0000000    
   4.29221392       99.0000000    
   4.29476976       100.000000    
   4.29732370       101.000000    
   4.29987621       102.000000    
   4.30242586       103.000000    
   4.30497408       104.000000    
   4.30751991       105.000000    
   4.31006432       106.000000    
   4.31260633       107.000000    
   4.31514645       108.000000    
   4.31768465       109.000000    
   4.32022142       110.000000    
   4.32275534       111.000000    
   4.32528782       112.000000    
   4.32781839       113.000000    
   4.33034611       114.000000    
   4.33287239       115.000000    
   4.33539677       116.000000    
   4.33791924       117.000000    
   4.34043980       118.000000    
   4.34295797       119.000000    
   4.34547520       120.000000    
   4.34798908       121.000000    
   4.35050201       122.000000    
   4.35301208       123.000000    
   4.35552168       124.000000    
   4.35802794       125.000000    
   4.36053276       126.000000    
   4.36303568       127.000000    
   4.36553669       128.000000    
   4.36803532       129.000000    
   4.37053204       130.000000    
   4.37302685       131.000000    
   4.37552023       132.000000    
   4.37984180       133.000000    
   4.38627195       134.000000    
   4.39258099       135.000000    
   4.39876747       136.000000    
   4.40483284       137.000000    
   4.41077471       138.000000    
   4.41659451       139.000000    
   4.42229080       140.000000    
   4.42786503       141.000000    
   4.43331671       142.000000    
   4.43864632       143.000000    
   4.44385481       144.000000    
   4.44894218       145.000000    
   4.45391083       146.000000    
   4.45875978       147.000000    
   4.46349239       148.000000    
   4.46810818       149.000000    
   4.47261047       150.000000    
