   4.68534184       0.00000000    
   4.59773684       1.00000000    
   4.52309561       2.00000000    
   4.46169376       3.00000000    
   4.41202974       4.00000000    
   4.37274885       5.00000000    
   4.34300613       6.00000000    
   4.32118368       7.00000000    
   4.30185556       8.00000000    
   4.26952934       9.00000000    
   4.22648716       10.0000000    
   4.18520927       11.0000000    
   4.16048193       12.0000000    
   4.15780830       13.0000000    
   4.15603113       14.0000000    
   4.15479326       15.0000000    
   4.15410566       16.0000000    
   4.15388012       17.0000000    
   4.15412188       18.0000000    
   4.15483665       19.0000000    
   4.15583420       20.0000000    
   4.15692520       21.0000000    
   4.15811110       22.0000000    
   4.15929461       23.0000000    
   4.16057301       24.0000000    
   4.16175461       25.0000000    
   4.16312647       26.0000000    
   4.16440153       27.0000000    
   4.16567469       28.0000000    
   4.16694784       29.0000000    
   4.16821861       30.0000000    
   4.16958475       31.0000000    
   4.17085409       32.0000000    
   4.17212200       33.0000000    
   4.17338800       34.0000000    
   4.17474985       35.0000000    
   4.17601442       36.0000000    
   4.17727804       37.0000000    
   4.17854023       38.0000000    
   4.17989731       39.0000000    
   4.18115711       40.0000000    
   4.18241549       41.0000000    
   4.18377018       42.0000000    
   4.18502665       43.0000000    
   4.18628168       44.0000000    
   4.18763304       45.0000000    
   4.18888569       46.0000000    
   4.19023466       47.0000000    
   4.19148588       48.0000000    
   4.19283295       49.0000000    
   4.19417906       50.0000000    
   4.19542694       51.0000000    
   4.19677019       52.0000000    
   4.19811392       53.0000000    
   4.19945574       54.0000000    
   4.20079708       55.0000000    
   4.20213652       56.0000000    
   4.20347548       57.0000000    
   4.20491219       58.0000000    
   4.20624971       59.0000000    
   4.20768356       60.0000000    
   4.20901871       61.0000000    
   4.21045113       62.0000000    
   4.21188259       63.0000000    
   4.21331358       64.0000000    
   4.21474361       65.0000000    
   4.21627092       66.0000000    
   4.21899939       67.0000000    
   4.22426367       68.0000000    
   4.22970963       69.0000000    
   4.23483467       70.0000000    
   4.22399426       71.0000000    
   4.22551727       72.0000000    
   4.22723579       73.0000000    
   4.22905207       74.0000000    
   4.23116398       75.0000000    
   4.23347139       76.0000000    
   4.23587561       77.0000000    
   4.23837614       78.0000000    
   4.24087477       79.0000000    
   4.24337244       80.0000000    
   4.24596596       81.0000000    
   4.24855709       82.0000000    
   4.25104904       83.0000000    
   4.25363684       84.0000000    
   4.25622272       85.0000000    
   4.25880623       86.0000000    
   4.26138783       87.0000000    
   4.26396799       88.0000000    
   4.26654530       89.0000000    
   4.26912117       90.0000000    
   4.27169466       91.0000000    
   4.27426672       92.0000000    
   4.27683640       93.0000000    
   4.27940369       94.0000000    
   4.28197002       95.0000000    
   4.28453350       96.0000000    
   4.28709602       97.0000000    
   4.28965569       98.0000000    
   4.29221392       99.0000000    
   4.29476976       100.000000    
   4.29732370       101.000000    
   4.29987621       102.000000    
   4.30242586       103.000000    
   4.30497408       104.000000    
   4.30751991       105.000000    
   4.31006432       106.000000    
   4.31260633       107.000000    
   4.31514645       108.000000    
   4.31768465       109.000000    
   4.32022142       110.000000    
   4.32275534       111.000000    
   4.32528782       112.000000    
   4.32781839       113.000000    
   4.33034611       114.000000    
   4.33287239       115.000000    
   4.33539677       116.000000    
   4.33791924       117.000000    
   4.34043980       118.000000    
   4.34295797       119.000000    
   4.34547520       120.000000    
   4.34798908       121.000000    
   4.35050201       122.000000    
   4.35301208       123.000000    
   4.35552168       124.000000    
   4.35802794       125.000000    
   4.36053276       126.000000    
   4.36303568       127.000000    
   4.36553669       128.000000    
   4.36803532       129.000000    
   4.37053204       130.000000    
   4.37302685       131.000000    
   4.37552023       132.000000    
   4.37801123       133.000000    
   4.38049984       134.000000    
   4.38298750       135.000000    
   4.38547230       136.000000    
   4.38795567       137.000000    
   4.39043665       138.000000    
   4.39291620       139.000000    
   4.39539289       140.000000    
   4.39786863       141.000000    
   4.40034199       142.000000    
   4.40281343       143.000000    
   4.40528250       144.000000    
   4.40775061       145.000000    
   4.41021585       146.000000    
   4.41267967       147.000000    
   4.41514111       148.000000    
   4.41760111       149.000000    
   4.42005873       150.000000    
