   2.00000009E-03   0.00000000    
   2.00000009E-03   1.00000000    
   2.00000009E-03   2.00000000    
   2.00000009E-03   3.00000000    
   2.00000009E-03   4.00000000    
   2.00000009E-03   5.00000000    
   2.00000009E-03   6.00000000    
   2.00000009E-03   7.00000000    
   2.00000009E-03   8.00000000    
   3.04336403E-03   9.00000000    
   1.05136214E-02   10.0000000    
   1.50854727E-02   11.0000000    
   1.79024134E-02   12.0000000    
   1.83876194E-02   13.0000000    
   1.87776405E-02   14.0000000    
   1.91102680E-02   15.0000000    
   1.93850324E-02   16.0000000    
   1.96113531E-02   17.0000000    
   1.97890233E-02   18.0000000    
   1.99179538E-02   19.0000000    
   2.00175960E-02   20.0000000    
   2.01074556E-02   21.0000000    
   2.01875288E-02   22.0000000    
   2.02675592E-02   23.0000000    
   2.03377753E-02   24.0000000    
   2.04177406E-02   25.0000000    
   2.04781480E-02   26.0000000    
   2.05482673E-02   27.0000000    
   2.06183642E-02   28.0000000    
   2.06883959E-02   29.0000000    
   2.07584016E-02   30.0000000    
   2.08186284E-02   31.0000000    
   2.08885483E-02   32.0000000    
   2.09584273E-02   33.0000000    
   2.10282523E-02   34.0000000    
   2.10883152E-02   35.0000000    
   2.11580768E-02   36.0000000    
   2.12277696E-02   37.0000000    
   2.12974343E-02   38.0000000    
   2.13573147E-02   39.0000000    
   2.14268845E-02   40.0000000    
   2.14963946E-02   41.0000000    
   2.15561520E-02   42.0000000    
   2.16255635E-02   43.0000000    
   2.16949396E-02   44.0000000    
   2.17545405E-02   45.0000000    
   2.18238235E-02   46.0000000    
   2.18833387E-02   47.0000000    
   2.19524931E-02   48.0000000    
   2.20119283E-02   49.0000000    
   2.20713038E-02   50.0000000    
   2.21403092E-02   51.0000000    
   2.21995860E-02   52.0000000    
   2.22588126E-02   53.0000000    
   2.23179813E-02   54.0000000    
   2.23771222E-02   55.0000000    
   2.24361867E-02   56.0000000    
   2.24952269E-02   57.0000000    
   2.25445405E-02   58.0000000    
   2.26034876E-02   59.0000000    
   2.26527043E-02   60.0000000    
   2.27115564E-02   61.0000000    
   2.27606893E-02   62.0000000    
   2.28098016E-02   63.0000000    
   2.28588544E-02   64.0000000    
   2.29078792E-02   65.0000000    
   2.29472350E-02   66.0000000    
   2.29961686E-02   67.0000000    
   2.30354462E-02   68.0000000    
   2.30650846E-02   69.0000000    
   2.31043100E-02   70.0000000    
   2.31338944E-02   71.0000000    
   2.31730398E-02   72.0000000    
   2.31929738E-02   73.0000000    
   2.32033171E-02   74.0000000    
   2.31849086E-02   75.0000000    
   2.31473539E-02   76.0000000    
   2.31002513E-02   77.0000000    
   2.30436269E-02   78.0000000    
   2.29870472E-02   79.0000000    
   2.29304917E-02   80.0000000    
   2.28644125E-02   81.0000000    
   2.27983911E-02   82.0000000    
   2.27419622E-02   83.0000000    
   2.26760320E-02   84.0000000    
   2.26101466E-02   85.0000000    
   2.25443095E-02   86.0000000    
   2.24785339E-02   87.0000000    
   2.24128012E-02   88.0000000    
   2.23471206E-02   89.0000000    
   2.22814903E-02   90.0000000    
   2.22159177E-02   91.0000000    
   2.21503917E-02   92.0000000    
   2.20849253E-02   93.0000000    
   2.20195148E-02   94.0000000    
   2.18559597E-02   95.0000000    
   2.14981679E-02   96.0000000    
   2.11385339E-02   97.0000000    
   2.07771435E-02   98.0000000    
   2.04142611E-02   99.0000000    
   2.00500842E-02   100.000000    
   1.96847655E-02   101.000000    
   1.93185993E-02   102.000000    
   1.89517308E-02   103.000000    
   1.85843725E-02   104.000000    
   1.82167571E-02   105.000000    
   1.78491063E-02   106.000000    
   1.74816214E-02   107.000000    
   1.71145387E-02   108.000000    
   1.67480502E-02   109.000000    
   1.63824186E-02   110.000000    
   1.60178393E-02   111.000000    
   1.56544894E-02   112.000000    
   1.52926510E-02   113.000000    
   1.49325030E-02   114.000000    
   1.45742688E-02   115.000000    
   1.42181767E-02   116.000000    
   1.38644045E-02   117.000000    
   1.35131888E-02   118.000000    
   1.31647084E-02   119.000000    
   1.28191588E-02   120.000000    
   1.24767832E-02   121.000000    
   1.21377334E-02   122.000000    
   1.18022002E-02   123.000000    
   1.14703504E-02   124.000000    
   1.11423833E-02   125.000000    
   1.08184852E-02   126.000000    
   1.04987575E-02   127.000000    
   1.01834182E-02   128.000000    
   9.87258274E-03   129.000000    
   9.56641790E-03   130.000000    
   9.26503912E-03   131.000000    
   8.96856748E-03   132.000000    
   8.67714733E-03   133.000000    
   8.33106227E-03   134.000000    
   7.96455704E-03   135.000000    
   7.61013851E-03   136.000000    
   7.26763345E-03   137.000000    
   6.93690358E-03   138.000000    
   6.61776541E-03   139.000000    
   6.31001079E-03   140.000000    
   6.01349119E-03   141.000000    
   5.72796352E-03   142.000000    
   5.45324711E-03   143.000000    
   5.18911611E-03   144.000000    
   4.93534049E-03   145.000000    
   4.69168508E-03   146.000000    
   4.45797294E-03   147.000000    
   4.23387997E-03   148.000000    
   4.01922036E-03   149.000000    
   3.81375314E-03   150.000000    
