   2.00000009E-03   0.00000000    
   2.00000009E-03   1.00000000    
   2.00000009E-03   2.00000000    
   2.00000009E-03   3.00000000    
   2.00000009E-03   4.00000000    
   2.00000009E-03   5.00000000    
   2.00000009E-03   6.00000000    
   2.00000009E-03   7.00000000    
   2.00000009E-03   8.00000000    
   2.00000009E-03   9.00000000    
   2.00000009E-03   10.0000000    
   5.90681750E-03   11.0000000    
   1.29191568E-02   12.0000000    
   1.41155329E-02   13.0000000    
   1.50539270E-02   14.0000000    
   1.58346947E-02   15.0000000    
   1.64553300E-02   16.0000000    
   1.69422422E-02   17.0000000    
   1.72957182E-02   18.0000000    
   1.75162461E-02   19.0000000    
   1.76578443E-02   20.0000000    
   1.77743323E-02   21.0000000    
   1.78656429E-02   22.0000000    
   1.79586895E-02   23.0000000    
   1.80266220E-02   24.0000000    
   1.81230027E-02   25.0000000    
   1.81676038E-02   26.0000000    
   1.82406157E-02   27.0000000    
   1.83153115E-02   28.0000000    
   1.83916166E-02   29.0000000    
   1.84696224E-02   30.0000000    
   1.85226295E-02   31.0000000    
   1.86039507E-02   32.0000000    
   1.86868981E-02   33.0000000    
   1.87714677E-02   34.0000000    
   1.88310873E-02   35.0000000    
   1.89189613E-02   36.0000000    
   1.90083757E-02   37.0000000    
   1.90994442E-02   38.0000000    
   1.91655718E-02   39.0000000    
   1.92598235E-02   40.0000000    
   1.93555951E-02   41.0000000    
   1.94265563E-02   42.0000000    
   1.95254665E-02   43.0000000    
   1.96259432E-02   44.0000000    
   1.97016001E-02   45.0000000    
   1.98051296E-02   46.0000000    
   1.98838972E-02   47.0000000    
   1.99903864E-02   48.0000000    
   2.00722609E-02   49.0000000    
   2.01556385E-02   50.0000000    
   2.02666074E-02   51.0000000    
   2.03529689E-02   52.0000000    
   2.04408392E-02   53.0000000    
   2.05301773E-02   54.0000000    
   2.06209682E-02   55.0000000    
   2.07132194E-02   56.0000000    
   2.08069682E-02   57.0000000    
   2.08762959E-02   58.0000000    
   2.09729411E-02   59.0000000    
   2.10452229E-02   60.0000000    
   2.11447012E-02   61.0000000    
   2.12199129E-02   62.0000000    
   2.12966055E-02   63.0000000    
   2.13747285E-02   64.0000000    
   2.14543249E-02   65.0000000    
   2.15098318E-02   66.0000000    
   2.15922575E-02   67.0000000    
   2.16507390E-02   68.0000000    
   2.16852818E-02   69.0000000    
   2.29669772E-02   70.0000000    
   2.29971278E-02   71.0000000    
   2.30368320E-02   72.0000000    
   2.30573397E-02   73.0000000    
   2.30682418E-02   74.0000000    
   2.30504107E-02   75.0000000    
   2.30134185E-02   76.0000000    
   2.29668897E-02   77.0000000    
   2.29108334E-02   78.0000000    
   2.28548180E-02   79.0000000    
   2.27988325E-02   80.0000000    
   2.27333307E-02   81.0000000    
   2.26678718E-02   82.0000000    
   2.26120129E-02   83.0000000    
   2.25466453E-02   84.0000000    
   2.24813297E-02   85.0000000    
   2.24160627E-02   86.0000000    
   2.23508496E-02   87.0000000    
   2.22856794E-02   88.0000000    
   2.22205687E-02   89.0000000    
   2.21555047E-02   90.0000000    
   2.20904890E-02   91.0000000    
   2.20255293E-02   92.0000000    
   2.19606236E-02   93.0000000    
   2.18957774E-02   94.0000000    
   2.18309797E-02   95.0000000    
   2.16791630E-02   96.0000000    
   2.13572718E-02   97.0000000    
   2.10342426E-02   98.0000000    
   2.07102597E-02   99.0000000    
   2.03854721E-02   100.000000    
   2.00600382E-02   101.000000    
   1.97341014E-02   102.000000    
   1.94077902E-02   103.000000    
   1.90812889E-02   104.000000    
   1.87547579E-02   105.000000    
   1.84283331E-02   106.000000    
   1.81021672E-02   107.000000    
   1.77764501E-02   108.000000    
   1.74513217E-02   109.000000    
   1.71269290E-02   110.000000    
   1.68033987E-02   111.000000    
   1.64809488E-02   112.000000    
   1.61596742E-02   113.000000    
   1.58397611E-02   114.000000    
   1.55213596E-02   115.000000    
   1.52045945E-02   116.000000    
   1.48896147E-02   117.000000    
   1.45765645E-02   118.000000    
   1.42656136E-02   119.000000    
   1.39568420E-02   120.000000    
   1.36504713E-02   121.000000    
   1.33465426E-02   122.000000    
   1.30452057E-02   123.000000    
   1.27466368E-02   124.000000    
   1.24509167E-02   125.000000    
   1.21581675E-02   126.000000    
   1.18685095E-02   127.000000    
   1.15820607E-02   128.000000    
   1.12988781E-02   129.000000    
   1.10191265E-02   130.000000    
   1.07428599E-02   131.000000    
   1.04701640E-02   132.000000    
   1.02011506E-02   133.000000    
   9.93591640E-03   134.000000    
   9.67452116E-03   135.000000    
   9.41705238E-03   136.000000    
   9.16351844E-03   137.000000    
   8.91403481E-03   138.000000    
   8.66865274E-03   139.000000    
   8.42742808E-03   140.000000    
   8.19037203E-03   141.000000    
   7.91505910E-03   142.000000    
   7.62059726E-03   143.000000    
   7.33499322E-03   144.000000    
   7.05816271E-03   145.000000    
   6.78986683E-03   146.000000    
   6.53005065E-03   147.000000    
   6.27849204E-03   148.000000    
   6.03508856E-03   149.000000    
   5.79967210E-03   150.000000    
