   2.00000009E-03   0.00000000    
   2.00000009E-03   1.00000000    
   2.00000009E-03   2.00000000    
   2.00000009E-03   3.00000000    
   2.00000009E-03   4.00000000    
   2.00000009E-03   5.00000000    
   2.00000009E-03   6.00000000    
   2.00000009E-03   7.00000000    
   2.00000009E-03   8.00000000    
   3.39453178E-03   9.00000000    
   1.06152091E-02   10.0000000    
   1.44866984E-02   11.0000000    
   1.68313906E-02   12.0000000    
   1.72266383E-02   13.0000000    
   1.75423995E-02   14.0000000    
   1.78102516E-02   15.0000000    
   1.80298705E-02   16.0000000    
   1.82091389E-02   17.0000000    
   1.83479115E-02   18.0000000    
   1.84461251E-02   19.0000000    
   1.85199734E-02   20.0000000    
   1.85856801E-02   21.0000000    
   1.86432414E-02   22.0000000    
   1.87007636E-02   23.0000000    
   1.87501311E-02   24.0000000    
   1.88075937E-02   25.0000000    
   1.88487992E-02   26.0000000    
   1.88980754E-02   27.0000000    
   1.89473331E-02   28.0000000    
   1.89965367E-02   29.0000000    
   1.90457180E-02   30.0000000    
   1.90867726E-02   31.0000000    
   1.91358812E-02   32.0000000    
   1.91849619E-02   33.0000000    
   1.92340016E-02   34.0000000    
   1.92749221E-02   35.0000000    
   1.93239097E-02   36.0000000    
   1.93728376E-02   37.0000000    
   1.94217470E-02   38.0000000    
   1.94625352E-02   39.0000000    
   1.95113774E-02   40.0000000    
   1.95601676E-02   41.0000000    
   1.96008645E-02   42.0000000    
   1.96495820E-02   43.0000000    
   1.96982715E-02   44.0000000    
   1.97388530E-02   45.0000000    
   1.97874829E-02   46.0000000    
   1.98279992E-02   47.0000000    
   1.98765341E-02   48.0000000    
   1.99170001E-02   49.0000000    
   1.99574158E-02   50.0000000    
   2.00058483E-02   51.0000000    
   2.00461950E-02   52.0000000    
   2.00865082E-02   53.0000000    
   2.01267879E-02   54.0000000    
   2.01670434E-02   55.0000000    
   2.02072449E-02   56.0000000    
   2.02474371E-02   57.0000000    
   2.02795453E-02   58.0000000    
   2.03196742E-02   59.0000000    
   2.03517191E-02   60.0000000    
   2.03917827E-02   61.0000000    
   2.04237755E-02   62.0000000    
   2.04557534E-02   63.0000000    
   2.04876978E-02   64.0000000    
   2.05196198E-02   65.0000000    
   2.05435082E-02   66.0000000    
   2.05753744E-02   67.0000000    
   2.05992199E-02   68.0000000    
   2.06150524E-02   69.0000000    
   2.06388645E-02   70.0000000    
   2.06546634E-02   71.0000000    
   2.06784233E-02   72.0000000    
   2.06862222E-02   73.0000000    
   2.06860267E-02   74.0000000    
   2.06619464E-02   75.0000000    
   2.06219517E-02   76.0000000    
   2.05740388E-02   77.0000000    
   2.05182247E-02   78.0000000    
   2.04624739E-02   79.0000000    
   2.04067715E-02   80.0000000    
   2.03431845E-02   81.0000000    
   2.02796701E-02   82.0000000    
   2.02241521E-02   83.0000000    
   2.01607663E-02   84.0000000    
   2.00974550E-02   85.0000000    
   2.00342145E-02   86.0000000    
   1.99710447E-02   87.0000000    
   1.99079420E-02   88.0000000    
   1.98449139E-02   89.0000000    
   1.97819583E-02   90.0000000    
   1.97190773E-02   91.0000000    
   1.96562633E-02   92.0000000    
   1.95935275E-02   93.0000000    
   1.95308700E-02   94.0000000    
   1.93676036E-02   95.0000000    
   1.90059915E-02   96.0000000    
   1.86437014E-02   97.0000000    
   1.82808358E-02   98.0000000    
   1.79176722E-02   99.0000000    
   1.75544154E-02   100.000000    
   1.71912480E-02   101.000000    
   1.68284643E-02   102.000000    
   1.64662097E-02   103.000000    
   1.61047149E-02   104.000000    
   1.57442149E-02   105.000000    
   1.53849246E-02   106.000000    
   1.50270499E-02   107.000000    
   1.46708339E-02   108.000000    
   1.43164443E-02   109.000000    
   1.39641548E-02   110.000000    
   1.36141442E-02   111.000000    
   1.32665690E-02   112.000000    
   1.29217161E-02   113.000000    
   1.25797400E-02   114.000000    
   1.22408345E-02   115.000000    
   1.19052241E-02   116.000000    
   1.15730576E-02   117.000000    
   1.12445448E-02   118.000000    
   1.09198354E-02   119.000000    
   1.05991028E-02   120.000000    
   1.02825556E-02   121.000000    
   9.97031201E-03   122.000000    
   9.66253038E-03   123.000000    
   9.35934205E-03   124.000000    
   9.06090625E-03   125.000000    
   8.76736362E-03   126.000000    
   8.47878587E-03   127.000000    
   8.19534156E-03   128.000000    
   7.91710522E-03   129.000000    
   7.64419790E-03   130.000000    
   7.37668714E-03   131.000000    
   7.11465534E-03   132.000000    
   6.85819099E-03   133.000000    
   6.56004576E-03   134.000000    
   6.24774955E-03   135.000000    
   5.94701990E-03   136.000000    
   5.65762632E-03   137.000000    
   5.37937647E-03   138.000000    
   5.11203147E-03   139.000000    
   4.85534035E-03   140.000000    
   4.60910099E-03   141.000000    
   4.37303307E-03   142.000000    
   4.14691074E-03   143.000000    
   3.93047277E-03   144.000000    
   3.72345909E-03   145.000000    
   3.52560217E-03   146.000000    
   3.33668920E-03   147.000000    
   3.15638538E-03   148.000000    
   2.98447604E-03   149.000000    
   2.82069785E-03   150.000000    
