   2.00000009E-03   0.00000000    
   2.00000009E-03   1.00000000    
   2.00000009E-03   2.00000000    
   2.00000009E-03   3.00000000    
   2.00000009E-03   4.00000000    
   2.00000009E-03   5.00000000    
   2.00000009E-03   6.00000000    
   2.00000009E-03   7.00000000    
   2.00000009E-03   8.00000000    
   2.00000009E-03   9.00000000    
   5.14614442E-03   10.0000000    
   1.46519672E-02   11.0000000    
   1.70110781E-02   12.0000000    
   1.74088199E-02   13.0000000    
   1.77265927E-02   14.0000000    
   1.79961883E-02   15.0000000    
   1.82172805E-02   16.0000000    
   1.83978081E-02   17.0000000    
   1.85376350E-02   18.0000000    
   1.86367035E-02   19.0000000    
   1.87112838E-02   20.0000000    
   1.87776871E-02   21.0000000    
   1.88359059E-02   22.0000000    
   1.88940801E-02   23.0000000    
   1.89440567E-02   24.0000000    
   1.90021694E-02   25.0000000    
   1.90439504E-02   26.0000000    
   1.90938413E-02   27.0000000    
   1.91437043E-02   28.0000000    
   1.91935226E-02   29.0000000    
   1.92433018E-02   30.0000000    
   1.92849319E-02   31.0000000    
   1.93346515E-02   32.0000000    
   1.92932189E-02   33.0000000    
   1.89546216E-02   34.0000000    
   1.85903832E-02   35.0000000    
   1.82493478E-02   36.0000000    
   1.79073550E-02   37.0000000    
   1.75647382E-02   38.0000000    
   1.71966646E-02   39.0000000    
   1.68531798E-02   40.0000000    
   1.65096093E-02   41.0000000    
   1.61409862E-02   42.0000000    
   1.57978609E-02   43.0000000    
   1.54553242E-02   44.0000000    
   1.50881726E-02   45.0000000    
   1.47473831E-02   46.0000000    
   1.43823856E-02   47.0000000    
   1.40441796E-02   48.0000000    
   1.36823216E-02   49.0000000    
   1.33223413E-02   50.0000000    
   1.29897781E-02   51.0000000    
   1.26343295E-02   52.0000000    
   1.22814942E-02   53.0000000    
   1.19315628E-02   54.0000000    
   1.15847280E-02   55.0000000    
   1.12412414E-02   56.0000000    
   1.09013850E-02   57.0000000    
   1.05409557E-02   58.0000000    
   1.02091162E-02   59.0000000    
   9.85760242E-03   60.0000000    
   9.53469798E-03   61.0000000    
   9.05741751E-03   62.0000000    
   8.58384743E-03   63.0000000    
   8.12792405E-03   64.0000000    
   7.68951792E-03   65.0000000    
   7.24227773E-03   66.0000000    
   6.83908723E-03   67.0000000    
   6.42857840E-03   68.0000000    
   6.01324532E-03   69.0000000    
   5.64019103E-03   70.0000000    
   2.08746791E-02   71.0000000    
   2.08989047E-02   72.0000000    
   2.09071022E-02   73.0000000    
   2.09072735E-02   74.0000000    
   2.08834615E-02   75.0000000    
   2.08436623E-02   76.0000000    
   2.07959097E-02   77.0000000    
   2.07402240E-02   78.0000000    
   2.06845943E-02   79.0000000    
   2.06290148E-02   80.0000000    
   2.05655135E-02   81.0000000    
   2.05020830E-02   82.0000000    
   2.04466749E-02   83.0000000    
   2.03833655E-02   84.0000000    
   2.03201268E-02   85.0000000    
   2.02569533E-02   86.0000000    
   2.01938488E-02   87.0000000    
   2.01308094E-02   88.0000000    
   2.00678390E-02   89.0000000    
   2.00049412E-02   90.0000000    
   1.99421104E-02   91.0000000    
   1.98793523E-02   92.0000000    
   1.98166594E-02   93.0000000    
   1.97540428E-02   94.0000000    
   1.96915008E-02   95.0000000    
   1.96290258E-02   96.0000000    
   1.95666254E-02   97.0000000    
   1.95042975E-02   98.0000000    
   1.94420461E-02   99.0000000    
   1.93798635E-02   100.000000    
   1.93177592E-02   101.000000    
   1.92557313E-02   102.000000    
   1.91937778E-02   103.000000    
   1.91319045E-02   104.000000    
   1.90701019E-02   105.000000    
   1.90083832E-02   106.000000    
   1.89467333E-02   107.000000    
   1.88851655E-02   108.000000    
   1.88236758E-02   109.000000    
   1.87622681E-02   110.000000    
   1.87009387E-02   111.000000    
   1.86396893E-02   112.000000    
   1.85785219E-02   113.000000    
   1.85174309E-02   114.000000    
   1.84564237E-02   115.000000    
   1.83955040E-02   116.000000    
   1.83346607E-02   117.000000    
   1.82738993E-02   118.000000    
   1.82132237E-02   119.000000    
   1.81526337E-02   120.000000    
   1.80921238E-02   121.000000    
   1.80317033E-02   122.000000    
   1.79713648E-02   123.000000    
   1.79111157E-02   124.000000    
   1.78509504E-02   125.000000    
   1.77908726E-02   126.000000    
   1.77308805E-02   127.000000    
   1.76709760E-02   128.000000    
   1.76111553E-02   129.000000    
   1.75514296E-02   130.000000    
   1.74917877E-02   131.000000    
   1.74322426E-02   132.000000    
   1.71735007E-02   133.000000    
   1.66746303E-02   134.000000    
   1.61746871E-02   135.000000    
   1.56742837E-02   136.000000    
   1.51739530E-02   137.000000    
   1.46743366E-02   138.000000    
   1.41760223E-02   139.000000    
   1.36796199E-02   140.000000    
   1.31857358E-02   141.000000    
   1.26950210E-02   142.000000    
   1.22080566E-02   143.000000    
   1.17254760E-02   144.000000    
   1.12479450E-02   145.000000    
   1.07759973E-02   146.000000    
   1.03103016E-02   147.000000    
   9.85141005E-03   148.000000    
   9.39994119E-03   149.000000    
   8.95643607E-03   150.000000    
