   4.58775663       0.00000000    
   4.49800110       1.00000000    
   4.42142248       2.00000000    
   4.35832977       3.00000000    
   4.30721235       4.00000000    
   4.26670218       5.00000000    
   4.23594952       6.00000000    
   4.21343803       7.00000000    
   4.19716215       8.00000000    
   4.18380880       9.00000000    
   4.16390753       10.0000000    
   4.12831259       11.0000000    
   4.08693123       12.0000000    
   4.08021688       13.0000000    
   4.07505512       14.0000000    
   4.07086039       15.0000000    
   4.06774855       16.0000000    
   4.06559420       17.0000000    
   4.06445217       18.0000000    
   4.06436157       19.0000000    
   4.06490660       20.0000000    
   4.06565380       21.0000000    
   4.06660604       22.0000000    
   4.06754351       23.0000000    
   4.06868744       24.0000000    
   4.06959534       25.0000000    
   4.07093239       26.0000000    
   4.07203388       27.0000000    
   4.07312107       28.0000000    
   4.07419348       29.0000000    
   4.07525110       30.0000000    
   4.07651854       31.0000000    
   4.07754707       32.0000000    
   4.07856178       33.0000000    
   4.07956171       34.0000000    
   4.08077145       35.0000000    
   4.08174086       36.0000000    
   4.08269644       37.0000000    
   4.08363628       38.0000000    
   4.08478737       39.0000000    
   4.08569670       40.0000000    
   4.08659172       41.0000000    
   4.08769846       42.0000000    
   4.08856201       43.0000000    
   4.08940935       44.0000000    
   4.09047127       45.0000000    
   4.09128761       46.0000000    
   4.09231853       47.0000000    
   4.09310389       48.0000000    
   4.09410286       49.0000000    
   4.09508753       50.0000000    
   4.09582424       51.0000000    
   4.09677744       52.0000000    
   4.09771442       53.0000000    
   4.09863615       54.0000000    
   4.09954166       55.0000000    
   4.10043144       56.0000000    
   4.10130453       57.0000000    
   4.10239792       58.0000000    
   4.10323906       59.0000000    
   4.10430145       60.0000000    
   4.10511017       61.0000000    
   4.10614061       62.0000000    
   4.10715485       63.0000000    
   4.10815334       64.0000000    
   4.10913515       65.0000000    
   4.11034060       66.0000000    
   4.11129189       67.0000000    
   4.11246586       68.0000000    
   4.11386395       69.0000000    
   4.10299253       70.0000000    
   4.10441351       71.0000000    
   4.10573673       72.0000000    
   4.10725355       73.0000000    
   4.10886717       74.0000000    
   4.11077118       75.0000000    
   4.11286926       76.0000000    
   4.11506319       77.0000000    
   4.11735249       78.0000000    
   4.11963987       79.0000000    
   4.12192583       80.0000000    
   4.12430716       81.0000000    
   4.12668610       82.0000000    
   4.12896729       83.0000000    
   4.13134336       84.0000000    
   4.13371658       85.0000000    
   4.13608885       86.0000000    
   4.13845921       87.0000000    
   4.14082766       88.0000000    
   4.14319372       89.0000000    
   4.14555836       90.0000000    
   4.14792156       91.0000000    
   4.15028238       92.0000000    
   4.15264177       93.0000000    
   4.15499926       94.0000000    
   4.15735435       95.0000000    
   4.16056108       96.0000000    
   4.16539049       97.0000000    
   4.17016602       98.0000000    
   4.17488670       99.0000000    
   4.17955303       100.000000    
   4.18416500       101.000000    
   4.18872309       102.000000    
   4.19322777       103.000000    
   4.19767809       104.000000    
   4.20207500       105.000000    
   4.20641994       106.000000    
   4.21071100       107.000000    
   4.21494913       108.000000    
   4.21913576       109.000000    
   4.22326994       110.000000    
   4.22735310       111.000000    
   4.23138428       112.000000    
   4.23536539       113.000000    
   4.23929596       114.000000    
   4.24317646       115.000000    
   4.24700785       116.000000    
   4.25079060       117.000000    
   4.25452423       118.000000    
   4.25821114       119.000000    
   4.26185036       120.000000    
   4.26544237       121.000000    
   4.26898861       122.000000    
   4.27249002       123.000000    
   4.27594566       124.000000    
   4.27935791       125.000000    
   4.28272676       126.000000    
   4.28605223       127.000000    
   4.28933525       128.000000    
   4.29257727       129.000000    
   4.29577827       130.000000    
   4.29893923       131.000000    
   4.30206108       132.000000    
   4.30514383       133.000000    
   4.30818939       134.000000    
   4.31119728       135.000000    
   4.31416893       136.000000    
   4.31710482       137.000000    
   4.32000637       138.000000    
   4.32287312       139.000000    
   4.32570601       140.000000    
   4.32850742       141.000000    
   4.33138418       142.000000    
   4.33428526       143.000000    
   4.33713961       144.000000    
   4.33995056       145.000000    
   4.34271812       146.000000    
   4.34544516       147.000000    
   4.34813166       148.000000    
   4.35078144       149.000000    
   4.35339403       150.000000    
