   4.58775663       0.00000000    
   4.49825144       1.00000000    
   4.42193127       2.00000000    
   4.35910511       3.00000000    
   4.30825758       4.00000000    
   4.26802206       5.00000000    
   4.23754454       6.00000000    
   4.21530485       7.00000000    
   4.19851971       8.00000000    
   4.17597294       9.00000000    
   4.12120199       10.0000000    
   4.08028889       11.0000000    
   4.05585575       12.0000000    
   4.05327559       13.0000000    
   4.05158281       14.0000000    
   4.05042553       15.0000000    
   4.04981232       16.0000000    
   4.04965687       17.0000000    
   4.04996443       18.0000000    
   4.05073881       19.0000000    
   4.05179310       20.0000000    
   4.05294037       21.0000000    
   4.05418158       22.0000000    
   4.05542040       23.0000000    
   4.05675316       24.0000000    
   4.05798912       25.0000000    
   4.05941391       26.0000000    
   4.06074238       27.0000000    
   4.06206942       28.0000000    
   4.06339598       29.0000000    
   4.06472111       30.0000000    
   4.06614017       31.0000000    
   4.06746197       32.0000000    
   4.06878328       33.0000000    
   4.07010365       34.0000000    
   4.07151794       35.0000000    
   4.07283497       36.0000000    
   4.07415199       37.0000000    
   4.07546711       38.0000000    
   4.07687712       39.0000000    
   4.07818937       40.0000000    
   4.07950115       41.0000000    
   4.08090734       42.0000000    
   4.08221674       43.0000000    
   4.08352470       44.0000000    
   4.08492804       45.0000000    
   4.08623362       46.0000000    
   4.08763456       47.0000000    
   4.08893776       48.0000000    
   4.09033632       49.0000000    
   4.09173393       50.0000000    
   4.09303379       51.0000000    
   4.09442949       52.0000000    
   4.09582329       53.0000000    
   4.09721708       54.0000000    
   4.09860945       55.0000000    
   4.10000038       56.0000000    
   4.10139084       57.0000000    
   4.10287666       58.0000000    
   4.10426521       59.0000000    
   4.10574913       60.0000000    
   4.10713530       61.0000000    
   4.10861731       62.0000000    
   4.11009884       63.0000000    
   4.11157894       64.0000000    
   4.11305809       65.0000000    
   4.11463356       66.0000000    
   4.11611176       67.0000000    
   4.11768627       68.0000000    
   4.11935663       69.0000000    
   4.12092876       70.0000000    
   4.12259769       71.0000000    
   4.12416840       72.0000000    
   4.12593317       73.0000000    
   4.12779427       74.0000000    
   4.12994719       75.0000000    
   4.13229322       76.0000000    
   4.13473606       77.0000000    
   4.13727379       78.0000000    
   4.13980961       79.0000000    
   4.14234447       80.0000000    
   4.14497328       81.0000000    
   4.14760017       82.0000000    
   4.15012932       83.0000000    
   4.15275288       84.0000000    
   4.15537405       85.0000000    
   4.15799379       86.0000000    
   4.16061068       87.0000000    
   4.16322613       88.0000000    
   4.16583920       89.0000000    
   4.16845131       90.0000000    
   4.17106009       91.0000000    
   4.17366743       92.0000000    
   4.17627287       93.0000000    
   4.17887592       94.0000000    
   4.18245125       95.0000000    
   4.18789434       96.0000000    
   4.19327307       97.0000000    
   4.19858789       98.0000000    
   4.20383692       99.0000000    
   4.20902205       100.000000    
   4.21414280       101.000000    
   4.21919823       102.000000    
   4.22418976       103.000000    
   4.22911739       104.000000    
   4.23398113       105.000000    
   4.23878050       106.000000    
   4.24351597       107.000000    
   4.24818897       108.000000    
   4.25279856       109.000000    
   4.25734520       110.000000    
   4.26183033       111.000000    
   4.26625347       112.000000    
   4.27061558       113.000000    
   4.27491713       114.000000    
   4.27915812       115.000000    
   4.28333998       116.000000    
   4.28746271       117.000000    
   4.29152727       118.000000    
   4.29553413       119.000000    
   4.29948425       120.000000    
   4.30337811       121.000000    
   4.30721664       122.000000    
   4.31100082       123.000000    
   4.31473160       124.000000    
   4.31840897       125.000000    
   4.32203484       126.000000    
   4.32560921       127.000000    
   4.32913399       128.000000    
   4.33260870       129.000000    
   4.33603621       130.000000    
   4.33941555       131.000000    
   4.34274912       132.000000    
   4.34603691       133.000000    
   4.34943390       134.000000    
   4.35284758       135.000000    
   4.35619545       136.000000    
   4.35947895       137.000000    
   4.36270094       138.000000    
   4.36586523       139.000000    
   4.36897421       140.000000    
   4.37202883       141.000000    
   4.37503242       142.000000    
   4.37798643       143.000000    
   4.38089418       144.000000    
   4.38375664       145.000000    
   4.38657761       146.000000    
   4.38935709       147.000000    
   4.39209843       148.000000    
   4.39480209       149.000000    
   4.39747190       150.000000    
