   2.00000009E-03   0.00000000    
   2.00000009E-03   1.00000000    
   2.00000009E-03   2.00000000    
   2.00000009E-03   3.00000000    
   2.00000009E-03   4.00000000    
   2.00000009E-03   5.00000000    
   2.00000009E-03   6.00000000    
   2.00000009E-03   7.00000000    
   2.00000009E-03   8.00000000    
   2.00000009E-03   9.00000000    
   2.00000009E-03   10.0000000    
   5.60812140E-03   11.0000000    
   1.20642474E-02   12.0000000    
   1.31545961E-02   13.0000000    
   1.40072051E-02   14.0000000    
   1.47145698E-02   15.0000000    
   1.52739361E-02   16.0000000    
   1.57094393E-02   17.0000000    
   1.60210263E-02   18.0000000    
   1.62088834E-02   19.0000000    
   1.63232498E-02   20.0000000    
   1.64142866E-02   21.0000000    
   1.64819248E-02   22.0000000    
   1.65512711E-02   23.0000000    
   1.65972784E-02   24.0000000    
   1.66699104E-02   25.0000000    
   1.66943297E-02   26.0000000    
   1.67453494E-02   27.0000000    
   1.67980324E-02   28.0000000    
   1.68523174E-02   29.0000000    
   1.69082861E-02   30.0000000    
   1.69410203E-02   31.0000000    
   1.70002859E-02   32.0000000    
   1.70611739E-02   33.0000000    
   1.71236787E-02   34.0000000    
   1.71629936E-02   35.0000000    
   1.72287989E-02   36.0000000    
   1.72961559E-02   37.0000000    
   1.73651781E-02   38.0000000    
   1.74110048E-02   39.0000000    
   1.74832325E-02   40.0000000    
   1.75570082E-02   41.0000000    
   1.76076908E-02   42.0000000    
   1.76846478E-02   43.0000000    
   1.77631918E-02   44.0000000    
   1.78186372E-02   45.0000000    
   1.79003067E-02   46.0000000    
   1.79589149E-02   47.0000000    
   1.80436373E-02   48.0000000    
   1.81054156E-02   49.0000000    
   1.81687381E-02   50.0000000    
   1.82580817E-02   51.0000000    
   1.83244906E-02   52.0000000    
   1.83924418E-02   53.0000000    
   1.84619222E-02   54.0000000    
   1.85329057E-02   55.0000000    
   1.86054129E-02   56.0000000    
   1.86794698E-02   57.0000000    
   1.87306982E-02   58.0000000    
   1.88077856E-02   59.0000000    
   1.88620817E-02   60.0000000    
   1.89421363E-02   61.0000000    
   1.89994909E-02   62.0000000    
   1.90583747E-02   63.0000000    
   1.91187579E-02   64.0000000    
   1.91806853E-02   65.0000000    
   1.92200113E-02   66.0000000    
   1.92848984E-02   67.0000000    
   1.93273202E-02   68.0000000    
   1.93472505E-02   69.0000000    
   2.06457097E-02   70.0000000    
   2.06616092E-02   71.0000000    
   2.06854641E-02   72.0000000    
   2.06933506E-02   73.0000000    
   2.06932575E-02   74.0000000    
   2.06692591E-02   75.0000000    
   2.06293520E-02   76.0000000    
   2.05815230E-02   77.0000000    
   2.05257945E-02   78.0000000    
   2.04701219E-02   79.0000000    
   2.04145014E-02   80.0000000    
   2.03510001E-02   81.0000000    
   2.02875622E-02   82.0000000    
   2.02321298E-02   83.0000000    
   2.01688241E-02   84.0000000    
   2.01055892E-02   85.0000000    
   2.00424232E-02   86.0000000    
   1.99793335E-02   87.0000000    
   1.99163109E-02   88.0000000    
   1.98533628E-02   89.0000000    
   1.97904781E-02   90.0000000    
   1.97276715E-02   91.0000000    
   1.96649432E-02   92.0000000    
   1.96022820E-02   93.0000000    
   1.95396952E-02   94.0000000    
   1.94771849E-02   95.0000000    
   1.93256661E-02   96.0000000    
   1.90007780E-02   97.0000000    
   1.86756346E-02   98.0000000    
   1.83504410E-02   99.0000000    
   1.80253461E-02   100.000000    
   1.77005157E-02   101.000000    
   1.73761118E-02   102.000000    
   1.70522556E-02   103.000000    
   1.67291220E-02   104.000000    
   1.64068919E-02   105.000000    
   1.60856936E-02   106.000000    
   1.57656856E-02   107.000000    
   1.54470420E-02   108.000000    
   1.51299080E-02   109.000000    
   1.48144243E-02   110.000000    
   1.45007083E-02   111.000000    
   1.41889742E-02   112.000000    
   1.38793057E-02   113.000000    
   1.35718770E-02   114.000000    
   1.32668279E-02   115.000000    
   1.29642719E-02   116.000000    
   1.26643358E-02   117.000000    
   1.23671563E-02   118.000000    
   1.20728835E-02   119.000000    
   1.17815835E-02   120.000000    
   1.14934454E-02   121.000000    
   1.12085138E-02   122.000000    
   1.09268948E-02   123.000000    
   1.06487544E-02   124.000000    
   1.03741474E-02   125.000000    
   1.01031717E-02   126.000000    
   9.83592123E-03   127.000000    
   9.57248826E-03   128.000000    
   9.31290910E-03   129.000000    
   9.05731693E-03   130.000000    
   8.80573876E-03   131.000000    
   8.55823420E-03   132.000000    
   8.31488520E-03   133.000000    
   8.07575881E-03   134.000000    
   7.84088112E-03   135.000000    
   7.61031965E-03   136.000000    
   7.38404505E-03   137.000000    
   7.16215093E-03   138.000000    
   6.94464892E-03   139.000000    
   6.73156930E-03   140.000000    
   6.52289204E-03   141.000000    
   6.28479477E-03   142.000000    
   6.03275700E-03   143.000000    
   5.78911882E-03   144.000000    
   5.55375731E-03   145.000000    
   5.32642379E-03   146.000000    
   5.10701770E-03   147.000000    
   4.89530526E-03   148.000000    
   4.69115376E-03   149.000000    
   4.49437881E-03   150.000000    
