   4.68534184       0.00000000    
   4.64731932       1.00000000    
   4.60993576       2.00000000    
   4.57336283       3.00000000    
   4.53775883       4.00000000    
   4.50350714       5.00000000    
   4.47118521       6.00000000    
   4.44120312       7.00000000    
   4.41412640       8.00000000    
   4.38965178       9.00000000    
   4.36777258       10.0000000    
   4.34852839       11.0000000    
   4.33174801       12.0000000    
   4.31646538       13.0000000    
   4.29578495       14.0000000    
   4.26357651       15.0000000    
   4.24103117       16.0000000    
   4.22550488       17.0000000    
   4.21200132       18.0000000    
   4.20055008       19.0000000    
   4.19107103       20.0000000    
   4.18366575       21.0000000    
   4.17801762       22.0000000    
   4.17384434       23.0000000    
   4.17073202       24.0000000    
   4.16871262       25.0000000    
   4.16752386       26.0000000    
   4.16708422       27.0000000    
   4.16721106       28.0000000    
   4.16771650       29.0000000    
   4.16850710       30.0000000    
   4.16948891       31.0000000    
   4.17066097       32.0000000    
   4.17183208       33.0000000    
   4.17300224       34.0000000    
   4.17426729       35.0000000    
   4.17562771       36.0000000    
   4.17689085       37.0000000    
   4.17824888       38.0000000    
   4.17950964       39.0000000    
   4.18076897       40.0000000    
   4.18212461       41.0000000    
   4.18338203       42.0000000    
   4.18473530       43.0000000    
   4.18598986       44.0000000    
   4.18734074       45.0000000    
   4.18859386       46.0000000    
   4.18994236       47.0000000    
   4.19119310       48.0000000    
   4.19254017       49.0000000    
   4.19378805       50.0000000    
   4.19513321       51.0000000    
   4.19647741       52.0000000    
   4.19781971       53.0000000    
   4.19906378       54.0000000    
   4.20040464       55.0000000    
   4.20174456       56.0000000    
   4.20318174       57.0000000    
   4.20451975       58.0000000    
   4.20585632       59.0000000    
   4.20729065       60.0000000    
   4.20862579       61.0000000    
   4.21005821       62.0000000    
   4.21148968       63.0000000    
   4.21291971       64.0000000    
   4.21444845       65.0000000    
   4.21597576       66.0000000    
   4.21848726       67.0000000    
   4.22375774       68.0000000    
   4.22921038       69.0000000    
   4.23458767       70.0000000    
   4.23989153       71.0000000    
   4.24512053       72.0000000    
   4.25051117       73.0000000    
   4.25628567       74.0000000    
   4.26241827       75.0000000    
   4.26888227       76.0000000    
   4.27542973       77.0000000    
   4.28183079       78.0000000    
   4.28829145       79.0000000    
              NaN   80.0000000    
              NaN   81.0000000    
   4.30709696       82.0000000    
   4.31309223       83.0000000    
   4.31873894       84.0000000    
   4.32439756       85.0000000    
   4.32988596       86.0000000    
   4.33520555       87.0000000    
   4.34035873       88.0000000    
   4.34534645       89.0000000    
   4.35069084       90.0000000    
   4.35591221       91.0000000    
   4.36086464       92.0000000    
   4.36556387       93.0000000    
   4.37002468       94.0000000    
   4.37426138       95.0000000    
   4.37828970       96.0000000    
   4.38212299       97.0000000    
   4.38577652       98.0000000    
   4.38926315       99.0000000    
   4.39259672       100.000000    
   4.39567900       101.000000    
   4.39858818       102.000000    
   4.40141582       103.000000    
   4.40416908       104.000000    
   4.40685177       105.000000    
   4.40947056       106.000000    
   4.41203213       107.000000    
   4.41454029       108.000000    
   4.41700029       109.000000    
   4.41941738       110.000000    
   4.42179585       111.000000    
   4.42413902       112.000000    
   4.42639542       113.000000    
   4.42858410       114.000000    
   4.43076944       115.000000    
   4.43295336       116.000000    
   4.43513441       117.000000    
   4.43731308       118.000000    
   4.43948793       119.000000    
   4.44162941       120.000000    
   4.44376850       121.000000    
   4.44590759       122.000000    
   4.44804478       123.000000    
   4.45018053       124.000000    
   4.45231628       125.000000    
   4.45445013       126.000000    
   4.45658302       127.000000    
   4.45871496       128.000000    
   4.46084499       129.000000    
   4.46297455       130.000000    
   4.46510267       131.000000    
   4.46722984       132.000000    
   4.46935654       133.000000    
   4.47148085       134.000000    
   4.47360516       135.000000    
   4.47572756       136.000000    
   4.47784948       137.000000    
   4.47996950       138.000000    
   4.48208952       139.000000    
   4.48420763       140.000000    
   4.48632479       141.000000    
   4.48844099       142.000000    
   4.49055576       143.000000    
   4.49267006       144.000000    
   4.49478292       145.000000    
   4.49689388       146.000000    
   4.49900532       147.000000    
   4.50111437       148.000000    
   4.50322294       149.000000    
   4.50533056       150.000000    
