   4.58775663       0.00000000    
   4.54867125       1.00000000    
   4.51022005       2.00000000    
   4.47258043       3.00000000    
   4.43591356       4.00000000    
   4.40061378       5.00000000    
   4.36727190       6.00000000    
   4.33631134       7.00000000    
   4.30831480       8.00000000    
   4.28297234       9.00000000    
   4.26028109       10.0000000    
   4.24028349       11.0000000    
   4.22282171       12.0000000    
   4.20784807       13.0000000    
   4.19525957       14.0000000    
   4.18482351       15.0000000    
   4.17595243       16.0000000    
   4.16763115       17.0000000    
   4.15784168       18.0000000    
   4.14517260       19.0000000    
   4.13199425       20.0000000    
   4.11948729       21.0000000    
   4.10834122       22.0000000    
   4.09896755       23.0000000    
   4.09111977       24.0000000    
   4.08521175       25.0000000    
   4.08091259       26.0000000    
   4.07817173       27.0000000    
   4.07665396       28.0000000    
   4.07596922       29.0000000    
   4.07592010       30.0000000    
   4.07629490       31.0000000    
   4.07709932       32.0000000    
   4.07788849       33.0000000    
   4.07866192       34.0000000    
   4.07964468       35.0000000    
   4.08083868       36.0000000    
   4.08179235       37.0000000    
   4.08295631       38.0000000    
   4.08387995       39.0000000    
   4.08478737       40.0000000    
   4.08590841       41.0000000    
   4.08678579       42.0000000    
   4.08787632       43.0000000    
   4.08872223       44.0000000    
   4.08978224       45.0000000    
   4.09059715       46.0000000    
   4.09162712       47.0000000    
   4.09241056       48.0000000    
   4.09340858       49.0000000    
   4.09416008       50.0000000    
   4.09512711       51.0000000    
   4.09607792       52.0000000    
   4.09701395       53.0000000    
   4.09770012       54.0000000    
   4.09860420       55.0000000    
   4.09949160       56.0000000    
   4.10059881       57.0000000    
   4.10145521       58.0000000    
   4.10229445       59.0000000    
   4.10335445       60.0000000    
   4.10416174       61.0000000    
   4.10519028       62.0000000    
   4.10620308       63.0000000    
   4.10719967       64.0000000    
   4.10841942       65.0000000    
   4.10962439       66.0000000    
   4.11081362       67.0000000    
   4.11198664       68.0000000    
   4.11338472       69.0000000    
   4.10289574       70.0000000    
   4.10431623       71.0000000    
   4.10573673       72.0000000    
   4.10725355       73.0000000    
   4.10896397       74.0000000    
   4.11086845       75.0000000    
   4.11296654       76.0000000    
   4.11515999       77.0000000    
   4.11735249       78.0000000    
   4.11963987       79.0000000    
              NaN   80.0000000    
              NaN   81.0000000    
   4.12668610       82.0000000    
   4.12906361       83.0000000    
   4.13134336       84.0000000    
   4.13371658       85.0000000    
   4.13608885       86.0000000    
   4.13845921       87.0000000    
   4.14082766       88.0000000    
   4.14319372       89.0000000    
   4.14555836       90.0000000    
   4.14792156       91.0000000    
   4.15028238       92.0000000    
   4.15264177       93.0000000    
   4.15499926       94.0000000    
   4.15735435       95.0000000    
   4.16056108       96.0000000    
   4.16539049       97.0000000    
   4.17016602       98.0000000    
   4.17488670       99.0000000    
   4.17955303       100.000000    
   4.18416500       101.000000    
   4.18872309       102.000000    
   4.19322777       103.000000    
   4.19767809       104.000000    
   4.20207500       105.000000    
   4.20641994       106.000000    
   4.21071100       107.000000    
   4.21494913       108.000000    
   4.21913576       109.000000    
   4.22326994       110.000000    
   4.22735310       111.000000    
   4.23138428       112.000000    
   4.23536539       113.000000    
   4.23929596       114.000000    
   4.24317646       115.000000    
   4.24700785       116.000000    
   4.25079060       117.000000    
   4.25452423       118.000000    
   4.25821114       119.000000    
   4.26185036       120.000000    
   4.26544237       121.000000    
   4.26898861       122.000000    
   4.27249002       123.000000    
   4.27594566       124.000000    
   4.27935791       125.000000    
   4.28272676       126.000000    
   4.28605223       127.000000    
   4.28933525       128.000000    
   4.29257727       129.000000    
   4.29577827       130.000000    
   4.29893923       131.000000    
   4.30206108       132.000000    
   4.30514383       133.000000    
   4.30818939       134.000000    
   4.31119728       135.000000    
   4.31416893       136.000000    
   4.31710482       137.000000    
   4.32000637       138.000000    
   4.32287312       139.000000    
   4.32570601       140.000000    
   4.32850742       141.000000    
   4.33138418       142.000000    
   4.33428526       143.000000    
   4.33713961       144.000000    
   4.33995056       145.000000    
   4.34271812       146.000000    
   4.34544516       147.000000    
   4.34813166       148.000000    
   4.35078144       149.000000    
   4.35339403       150.000000    
