   4.68534184       0.00000000    
   4.64731932       1.00000000    
   4.60993576       2.00000000    
   4.57336283       3.00000000    
   4.53775883       4.00000000    
   4.50350714       5.00000000    
   4.47118521       6.00000000    
   4.44120312       7.00000000    
   4.41412640       8.00000000    
   4.38965178       9.00000000    
   4.36777258       10.0000000    
   4.34852839       11.0000000    
   4.33176279       12.0000000    
   4.31742764       13.0000000    
   4.30541039       14.0000000    
   4.29507685       15.0000000    
   4.28328943       16.0000000    
   4.26668644       17.0000000    
   4.24680567       18.0000000    
   4.22545481       19.0000000    
   4.20487881       20.0000000    
   4.18720293       21.0000000    
   4.17801762       22.0000000    
   4.17384434       23.0000000    
   4.17073202       24.0000000    
   4.16871262       25.0000000    
   4.16752386       26.0000000    
   4.16708422       27.0000000    
   4.16721106       28.0000000    
   4.16771650       29.0000000    
   4.16850710       30.0000000    
   4.16948891       31.0000000    
   4.17066097       32.0000000    
   4.17183208       33.0000000    
   4.17300224       34.0000000    
   4.17426729       35.0000000    
   4.17562771       36.0000000    
   4.17689085       37.0000000    
   4.17824888       38.0000000    
   4.17950964       39.0000000    
   4.18129730       40.0000000    
   4.18481350       41.0000000    
   4.18804979       42.0000000    
   4.19150400       43.0000000    
   4.19468212       44.0000000    
   4.19807482       45.0000000    
   4.20119572       46.0000000    
   4.20452881       47.0000000    
   4.20759392       48.0000000    
   4.21086884       49.0000000    
   4.21387959       50.0000000    
   4.21709728       51.0000000    
   4.22028637       52.0000000    
   4.22344637       53.0000000    
   4.22635031       54.0000000    
   4.22945595       55.0000000    
   4.23253489       56.0000000    
   4.23580837       57.0000000    
   4.23883152       58.0000000    
   4.24182701       59.0000000    
   4.24501514       60.0000000    
   4.24795818       61.0000000    
   4.25108957       62.0000000    
   4.25419235       63.0000000    
   4.25726700       64.0000000    
   4.26052284       65.0000000    
   4.26374817       66.0000000    
   4.26694202       67.0000000    
   4.27010536       68.0000000    
   4.27344036       69.0000000    
   4.27674103       70.0000000    
   4.28000879       71.0000000    
   4.28324318       72.0000000    
   4.28663778       73.0000000    
   4.29037380       74.0000000    
   4.29443598       75.0000000    
   4.29880476       76.0000000    
   4.30327892       77.0000000    
   4.30767488       78.0000000    
   4.31216192       79.0000000    
              NaN   80.0000000    
              NaN   81.0000000    
   4.32542992       82.0000000    
   4.32972527       83.0000000    
   4.33378220       84.0000000    
   4.33830738       85.0000000    
   4.34276772       86.0000000    
   4.34708214       87.0000000    
   4.35125685       88.0000000    
   4.35529852       89.0000000    
   4.35921240       90.0000000    
   4.36300421       91.0000000    
   4.36668062       92.0000000    
   4.37024784       93.0000000    
   4.37371063       94.0000000    
   4.37707424       95.0000000    
   4.38034487       96.0000000    
   4.38352728       97.0000000    
   4.38662672       98.0000000    
   4.38964844       99.0000000    
   4.39259672       100.000000    
   4.39567900       101.000000    
   4.39858818       102.000000    
   4.40141582       103.000000    
   4.40416908       104.000000    
   4.40685177       105.000000    
   4.40947056       106.000000    
   4.41203213       107.000000    
   4.41454029       108.000000    
   4.41700029       109.000000    
   4.41941738       110.000000    
   4.42179585       111.000000    
   4.42413902       112.000000    
   4.42639542       113.000000    
   4.42858410       114.000000    
   4.43076944       115.000000    
   4.43295336       116.000000    
   4.43513441       117.000000    
   4.43731308       118.000000    
   4.43948793       119.000000    
   4.44162941       120.000000    
   4.44376850       121.000000    
   4.44590759       122.000000    
   4.44804478       123.000000    
   4.45018053       124.000000    
   4.45231628       125.000000    
   4.45445013       126.000000    
   4.45658302       127.000000    
   4.45871496       128.000000    
   4.46084499       129.000000    
   4.46297455       130.000000    
   4.46510267       131.000000    
   4.46722984       132.000000    
   4.46935654       133.000000    
   4.47148085       134.000000    
   4.47360516       135.000000    
   4.47572756       136.000000    
   4.47784948       137.000000    
   4.47996950       138.000000    
   4.48208952       139.000000    
   4.48420763       140.000000    
   4.48632479       141.000000    
   4.48844099       142.000000    
   4.49055576       143.000000    
   4.49267006       144.000000    
   4.49478292       145.000000    
   4.49689388       146.000000    
   4.49900532       147.000000    
   4.50111437       148.000000    
   4.50322294       149.000000    
   4.50533056       150.000000    
