   4.68534184       0.00000000    
   4.64731932       1.00000000    
   4.60993576       2.00000000    
   4.57336283       3.00000000    
   4.53775883       4.00000000    
   4.50350714       5.00000000    
   4.47118521       6.00000000    
   4.44120312       7.00000000    
   4.41412640       8.00000000    
   4.38965178       9.00000000    
   4.36777258       10.0000000    
   4.34852839       11.0000000    
   4.33176279       12.0000000    
   4.31742764       13.0000000    
   4.30545902       14.0000000    
   4.29554367       15.0000000    
   4.28714418       16.0000000    
   4.27919722       17.0000000    
   4.26941776       18.0000000    
   4.25610590       19.0000000    
   4.24187851       20.0000000    
   4.22815466       21.0000000    
   4.21580219       22.0000000    
   4.20534372       23.0000000    
   4.19654226       24.0000000    
   4.18988228       25.0000000    
   4.18500423       26.0000000    
   4.18186092       27.0000000    
   4.18008041       28.0000000    
   4.17923021       29.0000000    
   4.17908955       30.0000000    
   4.17942286       31.0000000    
   4.18023729       32.0000000    
   4.18103313       33.0000000    
   4.18181038       34.0000000    
   4.18282413       35.0000000    
   4.18407440       36.0000000    
   4.18505239       37.0000000    
   4.18626833       38.0000000    
   4.18721199       39.0000000    
   4.18813753       40.0000000    
   4.18930244       41.0000000    
   4.19019175       42.0000000    
   4.19132233       43.0000000    
   4.19217634       44.0000000    
   4.19327068       45.0000000    
   4.19408751       46.0000000    
   4.19514704       47.0000000    
   4.19592667       48.0000000    
   4.19694996       49.0000000    
   4.19769239       50.0000000    
   4.19867849       51.0000000    
   4.19964790       52.0000000    
   4.20059824       53.0000000    
   4.20126390       54.0000000    
   4.20217705       55.0000000    
   4.20307112       56.0000000    
   4.20421505       57.0000000    
   4.20507240       58.0000000    
   4.20591068       59.0000000    
   4.20699978       60.0000000    
   4.20780087       61.0000000    
   4.20885324       62.0000000    
   4.20988703       63.0000000    
   4.21090317       64.0000000    
   4.21217299       65.0000000    
   4.21342564       66.0000000    
   4.21466112       67.0000000    
   4.21587801       68.0000000    
   4.21735191       69.0000000    
   4.20561361       70.0000000    
   4.20710707       71.0000000    
   4.20859909       72.0000000    
   4.21020603       73.0000000    
   4.21204281       74.0000000    
   4.21410990       75.0000000    
   4.21640635       76.0000000    
   4.21881676       77.0000000    
   4.22122574       78.0000000    
   4.22374821       79.0000000    
              NaN   80.0000000    
              NaN   81.0000000    
   4.23153400       82.0000000    
   4.23416424       83.0000000    
   4.23667765       84.0000000    
   4.23930359       85.0000000    
   4.24192810       86.0000000    
   4.24455023       87.0000000    
   4.24717045       88.0000000    
   4.24978924       89.0000000    
   4.25240517       90.0000000    
   4.25501966       91.0000000    
   4.25763178       92.0000000    
   4.26024199       93.0000000    
   4.26285124       94.0000000    
   4.26545763       95.0000000    
   4.26901484       96.0000000    
   4.27438831       97.0000000    
   4.27970695       98.0000000    
   4.28497171       99.0000000    
   4.29018116       100.000000    
   4.29533625       101.000000    
   4.30043650       102.000000    
   4.30548286       103.000000    
   4.31047344       104.000000    
   4.31541061       105.000000    
   4.32029295       106.000000    
   4.32512093       107.000000    
   4.32989502       108.000000    
   4.33461475       109.000000    
   4.33928108       110.000000    
   4.34389400       111.000000    
   4.34845352       112.000000    
   4.35295963       113.000000    
   4.35741377       114.000000    
   4.36181498       115.000000    
   4.36616468       116.000000    
   4.37046194       117.000000    
   4.37470865       118.000000    
   4.37890387       119.000000    
   4.38304949       120.000000    
   4.38714457       121.000000    
   4.39119053       122.000000    
   4.39518690       123.000000    
   4.39913607       124.000000    
   4.40303659       125.000000    
   4.40688944       126.000000    
   4.41069603       127.000000    
   4.41445589       128.000000    
   4.41817093       129.000000    
   4.42184067       130.000000    
   4.42546654       131.000000    
   4.42904854       132.000000    
   4.43258810       133.000000    
   4.43608379       134.000000    
   4.43953896       135.000000    
   4.44295263       136.000000    
   4.44632673       137.000000    
   4.44966078       138.000000    
   4.45295620       139.000000    
   4.45621347       140.000000    
   4.45943356       141.000000    
   4.46276331       142.000000    
   4.46613312       143.000000    
   4.46944857       144.000000    
   4.47271013       145.000000    
   4.47591972       146.000000    
   4.47908068       147.000000    
   4.48219347       148.000000    
   4.48525906       149.000000    
   4.48828125       150.000000    
