   4.58775663       0.00000000    
   4.54867125       1.00000000    
   4.51022005       2.00000000    
   4.47258043       3.00000000    
   4.43591356       4.00000000    
   4.40061378       5.00000000    
   4.36727190       6.00000000    
   4.33631134       7.00000000    
   4.30831480       8.00000000    
   4.28297234       9.00000000    
   4.26028109       10.0000000    
   4.24028349       11.0000000    
   4.22280741       12.0000000    
   4.20693922       13.0000000    
   4.18765020       14.0000000    
   4.15686512       15.0000000    
   4.13366413       16.0000000    
   4.11676311       17.0000000    
   4.10178137       18.0000000    
   4.08884907       19.0000000    
   4.07795525       20.0000000    
   4.06927109       21.0000000    
   4.06248808       22.0000000    
   4.05731773       23.0000000    
   4.05331469       24.0000000    
   4.05052471       25.0000000    
   4.04866123       26.0000000    
   4.04763651       27.0000000    
   4.04724741       28.0000000    
   4.04728460       29.0000000    
   4.04764271       30.0000000    
   4.04821587       31.0000000    
   4.04900455       32.0000000    
   4.04979134       33.0000000    
   4.05057621       34.0000000    
   4.05146933       35.0000000    
   4.05247021       36.0000000    
   4.05335951       37.0000000    
   4.05435753       38.0000000    
   4.05524445       39.0000000    
   4.05612993       40.0000000    
   4.05712318       41.0000000    
   4.05800581       42.0000000    
   4.05899668       43.0000000    
   4.05987597       44.0000000    
   4.06086445       45.0000000    
   4.06174040       46.0000000    
   4.06272602       47.0000000    
   4.06359959       48.0000000    
   4.06458235       49.0000000    
   4.06545258       50.0000000    
   4.06643295       51.0000000    
   4.06741142       52.0000000    
   4.06838942       53.0000000    
   4.06925392       54.0000000    
   4.07022905       55.0000000    
   4.07120323       56.0000000    
   4.07228804       57.0000000    
   4.07325983       58.0000000    
   4.07423019       59.0000000    
   4.07531214       60.0000000    
   4.07627964       61.0000000    
   4.07735920       62.0000000    
   4.07843733       63.0000000    
   4.07951498       64.0000000    
   4.08070421       65.0000000    
   4.08189344       66.0000000    
   4.08409548       67.0000000    
   4.08914518       68.0000000    
   4.09440422       69.0000000    
   4.09959602       70.0000000    
   4.10472107       71.0000000    
   4.10977983       72.0000000    
   4.11502743       73.0000000    
   4.12070847       74.0000000    
   4.12679863       75.0000000    
   4.13327217       76.0000000    
   4.13985825       77.0000000    
   4.14630604       78.0000000    
   4.15284395       79.0000000    
   4.15945101       80.0000000    
   4.16567802       81.0000000    
   4.17196178       82.0000000    
   4.17807817       83.0000000    
   4.18382931       84.0000000    
   4.18961573       85.0000000    
   4.19523382       86.0000000    
   4.20068455       87.0000000    
   4.20596790       88.0000000    
   4.21108484       89.0000000    
   4.21665764       90.0000000    
   4.22212029       91.0000000    
   4.22729397       92.0000000    
   4.23219490       93.0000000    
   4.23683596       94.0000000    
   4.24123287       95.0000000    
   4.24540043       96.0000000    
   4.24935150       97.0000000    
   4.25310326       98.0000000    
   4.25666618       99.0000000    
   4.26005554       100.000000    
   4.26314735       101.000000    
   4.26603508       102.000000    
   4.26882887       103.000000    
   4.27153492       104.000000    
   4.27416086       105.000000    
   4.27671146       106.000000    
   4.27919340       107.000000    
   4.28161192       108.000000    
   4.28397226       109.000000    
   4.28628016       110.000000    
   4.28854132       111.000000    
   4.29075909       112.000000    
   4.29286432       113.000000    
   4.29487848       114.000000    
   4.29689026       115.000000    
   4.29889870       116.000000    
   4.30090523       117.000000    
   4.30290985       118.000000    
   4.30490828       119.000000    
   4.30685854       120.000000    
   4.30880785       121.000000    
   4.31075573       122.000000    
   4.31270266       123.000000    
   4.31464863       124.000000    
   4.31659317       125.000000    
   4.31853771       126.000000    
   4.32048035       127.000000    
   4.32242250       128.000000    
   4.32436323       129.000000    
   4.32630253       130.000000    
   4.32824183       131.000000    
   4.33017969       132.000000    
   4.33211613       133.000000    
   4.33405209       134.000000    
   4.33598661       135.000000    
   4.33792162       136.000000    
   4.33985329       137.000000    
   4.34178495       138.000000    
   4.34371614       139.000000    
   4.34564590       140.000000    
   4.34757519       141.000000    
   4.34950304       142.000000    
   4.35142946       143.000000    
   4.35335588       144.000000    
   4.35528088       145.000000    
   4.35720444       146.000000    
   4.35912800       147.000000    
   4.36104918       148.000000    
   4.36297083       149.000000    
   4.36489058       150.000000    
