   4.68534184       0.00000000    
   4.64731932       1.00000000    
   4.60993576       2.00000000    
   4.57336283       3.00000000    
   4.53775883       4.00000000    
   4.50350714       5.00000000    
   4.47118521       6.00000000    
   4.44120312       7.00000000    
   4.41412640       8.00000000    
   4.38965178       9.00000000    
   4.36777258       10.0000000    
   4.34852839       11.0000000    
   4.33176279       12.0000000    
   4.31723452       13.0000000    
   4.30077362       14.0000000    
   4.27515745       15.0000000    
   4.24103117       16.0000000    
   4.22550488       17.0000000    
   4.21200132       18.0000000    
   4.20055008       19.0000000    
   4.19107103       20.0000000    
   4.18366575       21.0000000    
   4.17801762       22.0000000    
   4.17384434       23.0000000    
   4.17073202       24.0000000    
   4.16871262       25.0000000    
   4.16752386       26.0000000    
   4.16708422       27.0000000    
   4.16721106       28.0000000    
   4.16771650       29.0000000    
   4.16850710       30.0000000    
   4.16948891       31.0000000    
   4.17066097       32.0000000    
   4.17183208       33.0000000    
   4.17300224       34.0000000    
   4.17426729       35.0000000    
   4.17562771       36.0000000    
   4.17689085       37.0000000    
   4.17824888       38.0000000    
   4.17950964       39.0000000    
   4.18076897       40.0000000    
   4.18212461       41.0000000    
   4.18338203       42.0000000    
   4.18473530       43.0000000    
   4.18598986       44.0000000    
   4.18734074       45.0000000    
   4.18859386       46.0000000    
   4.18994236       47.0000000    
   4.19119310       48.0000000    
   4.19254017       49.0000000    
   4.19378805       50.0000000    
   4.19513321       51.0000000    
   4.19647741       52.0000000    
   4.19781971       53.0000000    
   4.19906378       54.0000000    
   4.20040464       55.0000000    
   4.20174456       56.0000000    
   4.20318174       57.0000000    
   4.20451975       58.0000000    
   4.20585632       59.0000000    
   4.20729065       60.0000000    
   4.20862579       61.0000000    
   4.21005821       62.0000000    
   4.21148968       63.0000000    
   4.21291971       64.0000000    
   4.21444845       65.0000000    
   4.21597576       66.0000000    
   4.21750212       67.0000000    
   4.21902800       68.0000000    
   4.22065115       69.0000000    
   4.22227383       70.0000000    
   4.22389603       71.0000000    
   4.22551727       72.0000000    
   4.22723579       73.0000000    
   4.22915077       74.0000000    
   4.23126221       75.0000000    
   4.23356962       76.0000000    
   4.23597336       77.0000000    
   4.23837614       78.0000000    
   4.24087477       79.0000000    
              NaN   80.0000000    
              NaN   81.0000000    
   4.24855709       82.0000000    
   4.25114632       83.0000000    
   4.25363684       84.0000000    
   4.25622272       85.0000000    
   4.25880623       86.0000000    
   4.26138783       87.0000000    
   4.26396799       88.0000000    
   4.26654530       89.0000000    
   4.26912117       90.0000000    
   4.27169466       91.0000000    
   4.27426672       92.0000000    
   4.27683640       93.0000000    
   4.27940369       94.0000000    
   4.28297377       95.0000000    
   4.28846931       96.0000000    
   4.29389906       97.0000000    
   4.29926205       98.0000000    
   4.30455971       99.0000000    
   4.30979109       100.000000    
   4.31495619       101.000000    
   4.32005453       102.000000    
   4.32508802       103.000000    
   4.33005524       104.000000    
   4.33495617       105.000000    
   4.33979177       106.000000    
   4.34456348       107.000000    
   4.34926891       108.000000    
   4.35391045       109.000000    
   4.35848713       110.000000    
   4.36300039       111.000000    
   4.36745119       112.000000    
   4.37183809       113.000000    
   4.37616301       114.000000    
   4.38042593       115.000000    
   4.38462782       116.000000    
   4.38876963       117.000000    
   4.39285040       118.000000    
   4.39687300       119.000000    
   4.40083742       120.000000    
   4.40474367       121.000000    
   4.40859318       122.000000    
   4.41238642       123.000000    
   4.41612482       124.000000    
   4.41980839       125.000000    
   4.42343855       126.000000    
   4.42701674       127.000000    
   4.43054247       128.000000    
   4.43401766       129.000000    
   4.43744326       130.000000    
   4.44082022       131.000000    
   4.44414949       132.000000    
   4.44743204       133.000000    
   4.45082951       134.000000    
   4.45424366       135.000000    
   4.45758963       136.000000    
   4.46087027       137.000000    
   4.46408796       138.000000    
   4.46724463       139.000000    
   4.47034311       140.000000    
   4.47338676       141.000000    
   4.47637701       142.000000    
   4.47931671       143.000000    
   4.48220778       144.000000    
   4.48505259       145.000000    
   4.48785353       146.000000    
   4.49061251       147.000000    
   4.49333048       148.000000    
   4.49601126       149.000000    
   4.49865532       150.000000    
