   4.58775663       0.00000000    
   4.54861927       1.00000000    
   4.51011467       2.00000000    
   4.47242069       3.00000000    
   4.43569899       4.00000000    
   4.40034389       5.00000000    
   4.36694574       6.00000000    
   4.33592796       7.00000000    
   4.30787420       8.00000000    
   4.28247309       9.00000000    
   4.25972366       10.0000000    
   4.23966742       11.0000000    
   4.22214603       12.0000000    
   4.20693254       13.0000000    
   4.19006300       14.0000000    
   4.16454506       15.0000000    
   4.13088608       16.0000000    
   4.11520338       17.0000000    
   4.10155010       18.0000000    
   4.08994627       19.0000000    
   4.08030510       20.0000000    
   4.07272387       21.0000000    
   4.06688547       22.0000000    
   4.06250858       23.0000000    
   4.05918407       24.0000000    
   4.05694103       25.0000000    
   4.05551958       26.0000000    
   4.05484056       27.0000000    
   4.05472183       28.0000000    
   4.05497742       29.0000000    
   4.05551577       30.0000000    
   4.05624199       31.0000000    
   4.05715752       32.0000000    
   4.05807257       33.0000000    
   4.05898619       34.0000000    
   4.05999470       35.0000000    
   4.06109762       36.0000000    
   4.06210327       37.0000000    
   4.06320429       38.0000000    
   4.06420946       39.0000000    
   4.06521273       40.0000000    
   4.06631136       41.0000000    
   4.06731319       42.0000000    
   4.06841040       43.0000000    
   4.06941080       44.0000000    
   4.07050610       45.0000000    
   4.07150459       46.0000000    
   4.07259798       47.0000000    
   4.07359457       48.0000000    
   4.07468748       49.0000000    
   4.07568216       50.0000000    
   4.07677269       51.0000000    
   4.07786274       52.0000000    
   4.07895136       53.0000000    
   4.07994318       54.0000000    
   4.08102989       55.0000000    
   4.08211708       56.0000000    
   4.08329964       57.0000000    
   4.08438492       58.0000000    
   4.08546972       59.0000000    
   4.08665037       60.0000000    
   4.08773327       61.0000000    
   4.08891249       62.0000000    
   4.09009123       63.0000000    
   4.09126902       64.0000000    
   4.09254360       65.0000000    
   4.09381771       66.0000000    
   4.09509087       67.0000000    
   4.09636259       68.0000000    
   4.09773254       69.0000000    
   4.09910154       70.0000000    
   4.10046911       71.0000000    
   4.10183668       72.0000000    
   4.10330105       73.0000000    
   4.10495901       74.0000000    
   4.10681105       75.0000000    
   4.10885668       76.0000000    
   4.11099720       77.0000000    
   4.11313677       78.0000000    
   4.11537170       79.0000000    
              NaN   80.0000000    
              NaN   81.0000000    
   4.12226009       82.0000000    
   4.12458467       83.0000000    
   4.12681150       84.0000000    
   4.12913275       85.0000000    
   4.13145208       86.0000000    
   4.13376999       87.0000000    
   4.13608599       88.0000000    
   4.13840008       89.0000000    
   4.14071226       90.0000000    
   4.14302301       91.0000000    
   4.14533091       92.0000000    
   4.14763832       93.0000000    
   4.14994335       94.0000000    
   4.15321159       95.0000000    
   4.15833092       96.0000000    
   4.16338634       97.0000000    
   4.16837692       98.0000000    
   4.17330360       99.0000000    
   4.17816496       100.000000    
   4.18296289       101.000000    
   4.18769646       102.000000    
   4.19236469       103.000000    
   4.19696999       104.000000    
   4.20151186       105.000000    
   4.20598936       106.000000    
   4.21040392       107.000000    
   4.21475554       108.000000    
   4.21904421       109.000000    
   4.22327089       110.000000    
   4.22743559       111.000000    
   4.23153973       112.000000    
   4.23558235       113.000000    
   4.23956490       114.000000    
   4.24348783       115.000000    
   4.24735117       116.000000    
   4.25115681       117.000000    
   4.25490379       118.000000    
   4.25859404       119.000000    
   4.26222849       120.000000    
   4.26580715       121.000000    
   4.26933002       122.000000    
   4.27279997       123.000000    
   4.27621651       124.000000    
   4.27958059       125.000000    
   4.28289270       126.000000    
   4.28615475       127.000000    
   4.28936720       128.000000    
   4.29253101       129.000000    
   4.29564714       130.000000    
   4.29871702       131.000000    
   4.30174017       132.000000    
   4.30471945       133.000000    
   4.30780506       134.000000    
   4.31090641       135.000000    
   4.31394339       136.000000    
   4.31691694       137.000000    
   4.31983042       138.000000    
   4.32268715       139.000000    
   4.32548761       140.000000    
   4.32823563       141.000000    
   4.33093357       142.000000    
   4.33358335       143.000000    
   4.33618689       144.000000    
   4.33874702       145.000000    
   4.34126472       146.000000    
   4.34374285       147.000000    
   4.34618330       148.000000    
   4.34858751       149.000000    
   4.35095692       150.000000    
