   4.58775663       0.00000000    
   4.54891872       1.00000000    
   4.51071978       2.00000000    
   4.47333527       3.00000000    
   4.43692827       4.00000000    
   4.40189314       5.00000000    
   4.36881876       6.00000000    
   4.33812904       7.00000000    
   4.31040525       8.00000000    
   4.28533792       9.00000000    
   4.26292324       10.0000000    
   4.24320364       11.0000000    
   4.22601986       12.0000000    
   4.21132517       13.0000000    
   4.19905806       14.0000000    
   4.18889809       15.0000000    
   4.18030548       16.0000000    
   4.17225599       17.0000000    
   4.16255760       18.0000000    
   4.14954948       19.0000000    
   4.13569880       20.0000000    
   4.12237263       21.0000000    
   4.11039877       22.0000000    
   4.10027933       23.0000000    
   4.09177876       24.0000000    
   4.08536720       25.0000000    
   4.08069515       26.0000000    
   4.07771444       27.0000000    
   4.07606459       28.0000000    
   4.07532167       29.0000000    
   4.07527065       30.0000000    
   4.07568264       31.0000000    
   4.07656384       32.0000000    
   4.07742786       33.0000000    
   4.07827330       34.0000000    
   4.07934809       35.0000000    
   4.08065462       36.0000000    
   4.08169603       37.0000000    
   4.08296967       38.0000000    
   4.08397722       39.0000000    
   4.08496714       40.0000000    
   4.08619070       41.0000000    
   4.08714581       42.0000000    
   4.08833551       43.0000000    
   4.08925533       44.0000000    
   4.09041071       45.0000000    
   4.09129429       46.0000000    
   4.09241581       47.0000000    
   4.09326315       48.0000000    
   4.09434843       49.0000000    
   4.09516001       50.0000000    
   4.09620953       51.0000000    
   4.09724236       52.0000000    
   4.09825611       53.0000000    
   4.09899282       54.0000000    
   4.09997082       55.0000000    
   4.10093021       56.0000000    
   4.10213327       57.0000000    
   4.10305691       58.0000000    
   4.10396194       59.0000000    
   4.10511160       60.0000000    
   4.10598040       61.0000000    
   4.10709476       62.0000000    
   4.10819054       63.0000000    
   4.10926914       64.0000000    
   4.11059570       65.0000000    
   4.11190557       66.0000000    
   4.11319828       67.0000000    
   4.11447287       68.0000000    
   4.11599874       69.0000000    
   4.10470724       70.0000000    
   4.10625029       71.0000000    
   4.10779333       72.0000000    
   4.10944986       73.0000000    
   4.11133194       74.0000000    
   4.11344099       75.0000000    
   4.11577749       76.0000000    
   4.11822510       77.0000000    
   4.12067127       78.0000000    
   4.12322998       79.0000000    
              NaN   80.0000000    
              NaN   81.0000000    
   4.13112116       82.0000000    
   4.13378477       83.0000000    
   4.13633442       84.0000000    
   4.13899469       85.0000000    
   4.14165306       86.0000000    
   4.14430952       87.0000000    
   4.14696407       88.0000000    
   4.14961624       89.0000000    
   4.15226650       90.0000000    
   4.15491486       91.0000000    
   4.15756130       92.0000000    
   4.16020536       93.0000000    
   4.16284800       94.0000000    
   4.16548872       95.0000000    
   4.16905260       96.0000000    
   4.17437887       97.0000000    
   4.17965174       98.0000000    
   4.18487072       99.0000000    
   4.19003725       100.000000    
   4.19514990       101.000000    
   4.20020962       102.000000    
   4.20521593       103.000000    
   4.21016836       104.000000    
   4.21506786       105.000000    
   4.21991444       106.000000    
   4.22470856       107.000000    
   4.22944927       108.000000    
   4.23413706       109.000000    
   4.23877239       110.000000    
   4.24335623       111.000000    
   4.24788761       112.000000    
   4.25236750       113.000000    
   4.25679588       114.000000    
   4.26117277       115.000000    
   4.26549959       116.000000    
   4.26977587       117.000000    
   4.27400303       118.000000    
   4.27817917       119.000000    
   4.28230715       120.000000    
   4.28638601       121.000000    
   4.29041719       122.000000    
   4.29440022       123.000000    
   4.29833651       124.000000    
   4.30222607       125.000000    
   4.30606937       126.000000    
   4.30986738       127.000000    
   4.31362009       128.000000    
   4.31732893       129.000000    
   4.32099438       130.000000    
   4.32461643       131.000000    
   4.32819510       132.000000    
   4.33173275       133.000000    
   4.33522940       134.000000    
   4.33868551       135.000000    
   4.34210157       136.000000    
   4.34547901       137.000000    
   4.34881783       138.000000    
   4.35211849       139.000000    
   4.35538292       140.000000    
   4.35861015       141.000000    
   4.36194324       142.000000    
   4.36531401       143.000000    
   4.36863136       144.000000    
   4.37189674       145.000000    
   4.37511349       146.000000    
   4.37828112       147.000000    
   4.38140345       148.000000    
   4.38448000       149.000000    
   4.38751364       150.000000    
