   2.00000009E-03   0.00000000    
   2.00000009E-03   1.00000000    
   2.00000009E-03   2.00000000    
   2.00000009E-03   3.00000000    
   2.00000009E-03   4.00000000    
   2.00000009E-03   5.00000000    
   2.00000009E-03   6.00000000    
   2.00000009E-03   7.00000000    
   2.00000009E-03   8.00000000    
   2.00000009E-03   9.00000000    
   2.00000009E-03   10.0000000    
   2.00000009E-03   11.0000000    
   2.00000009E-03   12.0000000    
   2.00000009E-03   13.0000000    
   3.14384070E-03   14.0000000    
   7.87803438E-03   15.0000000    
   1.04668736E-02   16.0000000    
   1.20417625E-02   17.0000000    
   1.34322410E-02   18.0000000    
   1.46297337E-02   19.0000000    
   1.56414080E-02   20.0000000    
   1.64608099E-02   21.0000000    
   1.71193518E-02   22.0000000    
   1.76446661E-02   23.0000000    
   1.80748105E-02   24.0000000    
   1.84086319E-02   25.0000000    
   1.86697710E-02   26.0000000    
   1.88660212E-02   27.0000000    
   1.90135092E-02   28.0000000    
   1.91284362E-02   29.0000000    
   1.92189105E-02   30.0000000    
   1.92930624E-02   31.0000000    
   1.93509106E-02   32.0000000    
   1.94087196E-02   33.0000000    
   1.94664951E-02   34.0000000    
   1.95160918E-02   35.0000000    
   1.95575301E-02   36.0000000    
   1.96070597E-02   37.0000000    
   1.96484476E-02   38.0000000    
   1.96979083E-02   39.0000000    
   1.97473224E-02   40.0000000    
   1.97885968E-02   41.0000000    
   1.98379513E-02   42.0000000    
   1.98791493E-02   43.0000000    
   1.99284256E-02   44.0000000    
   1.99695695E-02   45.0000000    
   2.00187676E-02   46.0000000    
   2.00598296E-02   47.0000000    
   2.01089494E-02   48.0000000    
   2.01499481E-02   49.0000000    
   2.01989952E-02   50.0000000    
   2.02399138E-02   51.0000000    
   2.02808045E-02   52.0000000    
   2.03216579E-02   53.0000000    
   2.03705598E-02   54.0000000    
   2.04113461E-02   55.0000000    
   2.04520766E-02   56.0000000    
   2.04847381E-02   57.0000000    
   2.05254126E-02   58.0000000    
   2.05660649E-02   59.0000000    
   2.05986071E-02   60.0000000    
   2.06391942E-02   61.0000000    
   2.06716843E-02   62.0000000    
   2.07041595E-02   63.0000000    
   2.07365882E-02   64.0000000    
   2.07609627E-02   65.0000000    
   2.07853056E-02   66.0000000    
   2.07143687E-02   67.0000000    
   2.03712694E-02   68.0000000    
   2.00024620E-02   69.0000000    
   1.96315628E-02   70.0000000    
   2.08826903E-02   71.0000000    
   2.08989047E-02   72.0000000    
   2.09071022E-02   73.0000000    
   2.08992753E-02   74.0000000    
   2.08754558E-02   75.0000000    
   2.08356772E-02   76.0000000    
   2.07879208E-02   77.0000000    
   2.07402240E-02   78.0000000    
   2.06845943E-02   79.0000000    
              NaN   80.0000000    
              NaN   81.0000000    
   2.05020830E-02   82.0000000    
   2.04387102E-02   83.0000000    
   2.03833655E-02   84.0000000    
   2.03201268E-02   85.0000000    
   2.02569533E-02   86.0000000    
   2.01938488E-02   87.0000000    
   2.01308094E-02   88.0000000    
   2.00678390E-02   89.0000000    
   2.00049412E-02   90.0000000    
   1.99421104E-02   91.0000000    
   1.98793523E-02   92.0000000    
   1.98166594E-02   93.0000000    
   1.97540428E-02   94.0000000    
   1.96915008E-02   95.0000000    
   1.96290258E-02   96.0000000    
   1.95666254E-02   97.0000000    
   1.95042975E-02   98.0000000    
   1.94420461E-02   99.0000000    
   1.93798635E-02   100.000000    
   1.93177592E-02   101.000000    
   1.92557313E-02   102.000000    
   1.91937778E-02   103.000000    
   1.91319045E-02   104.000000    
   1.90701019E-02   105.000000    
   1.90083832E-02   106.000000    
   1.89467333E-02   107.000000    
   1.88851655E-02   108.000000    
   1.88236758E-02   109.000000    
   1.87622681E-02   110.000000    
   1.87009387E-02   111.000000    
   1.86396893E-02   112.000000    
   1.85785219E-02   113.000000    
   1.85174309E-02   114.000000    
   1.84564237E-02   115.000000    
   1.83955040E-02   116.000000    
   1.83346607E-02   117.000000    
   1.82738993E-02   118.000000    
   1.82132237E-02   119.000000    
   1.81526337E-02   120.000000    
   1.80921238E-02   121.000000    
   1.80317033E-02   122.000000    
   1.79713648E-02   123.000000    
   1.79111157E-02   124.000000    
   1.78509504E-02   125.000000    
   1.77908726E-02   126.000000    
   1.77308805E-02   127.000000    
   1.76709760E-02   128.000000    
   1.76111553E-02   129.000000    
   1.75514296E-02   130.000000    
   1.74917877E-02   131.000000    
   1.74322426E-02   132.000000    
   1.73727795E-02   133.000000    
   1.73134096E-02   134.000000    
   1.72541253E-02   135.000000    
   1.71949379E-02   136.000000    
   1.71358380E-02   137.000000    
   1.70768313E-02   138.000000    
   1.70179177E-02   139.000000    
   1.69590972E-02   140.000000    
   1.69003662E-02   141.000000    
   1.68417301E-02   142.000000    
   1.67831872E-02   143.000000    
   1.67247374E-02   144.000000    
   1.66663826E-02   145.000000    
   1.66081265E-02   146.000000    
   1.65499635E-02   147.000000    
   1.64918918E-02   148.000000    
   1.64339263E-02   149.000000    
   1.63760502E-02   150.000000    
