   4.58775663       0.00000000    
   4.56831169       1.00000000    
   4.54878283       2.00000000    
   4.52940702       3.00000000    
   4.51007414       4.00000000    
   4.49089336       5.00000000    
   4.47215414       6.00000000    
   4.45333099       7.00000000    
   4.43544865       8.00000000    
   4.41752386       9.00000000    
   4.40034723       10.0000000    
   4.38359880       11.0000000    
   4.36722231       12.0000000    
   4.35190725       13.0000000    
   4.33653498       14.0000000    
   4.32272243       15.0000000    
   4.30898094       16.0000000    
   4.29627562       17.0000000    
   4.28422880       18.0000000    
   4.27265310       19.0000000    
   4.26236773       20.0000000    
   4.25209618       21.0000000    
   4.24336290       22.0000000    
   4.23480701       23.0000000    
   4.22690058       24.0000000    
   4.21983719       25.0000000    
   4.21337271       26.0000000    
   4.20751905       27.0000000    
   4.20235825       28.0000000    
   4.19775391       29.0000000    
   4.19336128       30.0000000    
   4.18903255       31.0000000    
   4.18416119       32.0000000    
   4.17820692       33.0000000    
   4.17101526       34.0000000    
   4.16319895       35.0000000    
   4.15569019       36.0000000    
   4.14812040       37.0000000    
   4.14082241       38.0000000    
   4.13393927       39.0000000    
   4.12754059       40.0000000    
   4.12181902       41.0000000    
   4.11693907       42.0000000    
   4.11283350       43.0000000    
   4.10917568       44.0000000    
   4.10644674       45.0000000    
   4.10405731       46.0000000    
   4.10247278       47.0000000    
   4.10150480       48.0000000    
   4.10094881       49.0000000    
   4.10058880       50.0000000    
   4.10065746       51.0000000    
   4.10093355       52.0000000    
   4.10141993       53.0000000    
   4.10211802       54.0000000    
   4.10279989       55.0000000    
   4.10346413       56.0000000    
   4.10434484       57.0000000    
   4.10520840       58.0000000    
   4.10629034       59.0000000    
   4.10712290       60.0000000    
   4.10817337       61.0000000    
   4.10920811       62.0000000    
   4.11046219       63.0000000    
   4.11146688       64.0000000    
   4.11269045       65.0000000    
   4.11366367       66.0000000    
   4.11485720       67.0000000    
   4.11627102       68.0000000    
   4.11743450       69.0000000    
   4.10454750       70.0000000    
   4.10596848       71.0000000    
   4.10748577       72.0000000    
   4.10909891       73.0000000    
   4.11071253       74.0000000    
   4.11251926       75.0000000    
   4.11442137       76.0000000    
   4.11641979       77.0000000    
   4.11851358       78.0000000    
   4.12060690       79.0000000    
   4.12279558       80.0000000    
   4.12498236       81.0000000    
   4.12716866       82.0000000    
   4.12944889       83.0000000    
   4.13172770       84.0000000    
   4.13400507       85.0000000    
   4.13637638       86.0000000    
   4.13865042       87.0000000    
   4.14101839       88.0000000    
   4.14328909       89.0000000    
   4.14565372       90.0000000    
   4.14801693       91.0000000    
   4.15037727       92.0000000    
   4.15273666       93.0000000    
   4.15499926       94.0000000    
   4.15735435       95.0000000    
   4.16056108       96.0000000    
   4.16539049       97.0000000    
   4.17016602       98.0000000    
   4.17488670       99.0000000    
   4.17955303       100.000000    
   4.18416500       101.000000    
   4.18872309       102.000000    
   4.19322777       103.000000    
   4.19767809       104.000000    
   4.20207500       105.000000    
   4.20641994       106.000000    
   4.21071100       107.000000    
   4.21494913       108.000000    
   4.21913576       109.000000    
   4.22326994       110.000000    
   4.22735310       111.000000    
   4.23138428       112.000000    
   4.23536539       113.000000    
   4.23929596       114.000000    
   4.24317646       115.000000    
   4.24700785       116.000000    
   4.25079060       117.000000    
   4.25452423       118.000000    
   4.25821114       119.000000    
   4.26185036       120.000000    
   4.26544237       121.000000    
   4.26898861       122.000000    
   4.27249002       123.000000    
   4.27594566       124.000000    
   4.27935791       125.000000    
   4.28272676       126.000000    
   4.28605223       127.000000    
   4.28933525       128.000000    
   4.29257727       129.000000    
   4.29577827       130.000000    
   4.29893923       131.000000    
   4.30206108       132.000000    
   4.30514383       133.000000    
   4.30818939       134.000000    
   4.31119728       135.000000    
   4.31416893       136.000000    
   4.31710482       137.000000    
   4.32000637       138.000000    
   4.32287312       139.000000    
   4.32570601       140.000000    
   4.32850742       141.000000    
   4.33138418       142.000000    
   4.33428526       143.000000    
   4.33713961       144.000000    
   4.33995056       145.000000    
   4.34271812       146.000000    
   4.34544516       147.000000    
   4.34813166       148.000000    
   4.35078144       149.000000    
   4.35339403       150.000000    
