   2.00000009E-03   0.00000000    
   2.00000009E-03   1.00000000    
   2.00000009E-03   2.00000000    
   2.00000009E-03   3.00000000    
   2.00000009E-03   4.00000000    
   2.00000009E-03   5.00000000    
   2.00000009E-03   6.00000000    
   2.00000009E-03   7.00000000    
   2.00000009E-03   8.00000000    
   2.00000009E-03   9.00000000    
   2.00000009E-03   10.0000000    
   2.00000009E-03   11.0000000    
   2.00000009E-03   12.0000000    
   2.00000009E-03   13.0000000    
   2.00000009E-03   14.0000000    
   2.00000009E-03   15.0000000    
   2.00000009E-03   16.0000000    
   2.00000009E-03   17.0000000    
   2.00000009E-03   18.0000000    
   2.00000009E-03   19.0000000    
   2.00000009E-03   20.0000000    
   2.00000009E-03   21.0000000    
   2.00000009E-03   22.0000000    
   2.00000009E-03   23.0000000    
   2.00000009E-03   24.0000000    
   2.00000009E-03   25.0000000    
   2.00000009E-03   26.0000000    
   2.45322799E-03   27.0000000    
   4.61430242E-03   28.0000000    
   7.21105747E-03   29.0000000    
   1.00004161E-02   30.0000000    
   1.24692824E-02   31.0000000    
   1.33539857E-02   32.0000000    
   1.41737871E-02   33.0000000    
   1.49299465E-02   34.0000000    
   1.56020299E-02   35.0000000    
   1.62096564E-02   36.0000000    
   1.67582408E-02   37.0000000    
   1.72460582E-02   38.0000000    
   1.76797807E-02   39.0000000    
   1.80665944E-02   40.0000000    
   1.84059273E-02   41.0000000    
   1.86973382E-02   42.0000000    
   1.89486425E-02   43.0000000    
   1.91758350E-02   44.0000000    
   1.93626396E-02   45.0000000    
   1.95332617E-02   46.0000000    
   1.96714848E-02   47.0000000    
   1.97854023E-02   48.0000000    
   1.98830888E-02   49.0000000    
   1.99726429E-02   50.0000000    
   2.00459510E-02   51.0000000    
   2.01111436E-02   52.0000000    
   2.01682132E-02   53.0000000    
   2.02171672E-02   54.0000000    
   2.02660728E-02   55.0000000    
   2.03149486E-02   56.0000000    
   2.03557052E-02   57.0000000    
   2.03964449E-02   58.0000000    
   2.04290785E-02   59.0000000    
   2.04697512E-02   60.0000000    
   2.05023214E-02   61.0000000    
   2.05348898E-02   62.0000000    
   2.05593687E-02   63.0000000    
   2.05918625E-02   64.0000000    
   2.06163041E-02   65.0000000    
   2.06487477E-02   66.0000000    
   2.06731278E-02   67.0000000    
   2.06894744E-02   68.0000000    
   2.07138155E-02   69.0000000    
   2.07301192E-02   70.0000000    
   2.07464136E-02   71.0000000    
   2.07546838E-02   72.0000000    
   2.07549389E-02   73.0000000    
   2.07551848E-02   74.0000000    
   2.07394417E-02   75.0000000    
   2.07157191E-02   76.0000000    
   2.06840113E-02   77.0000000    
   2.06443612E-02   78.0000000    
   2.06047501E-02   79.0000000    
   2.05571912E-02   80.0000000    
   2.05096714E-02   81.0000000    
   2.04622112E-02   82.0000000    
   2.04068385E-02   83.0000000    
   2.03515086E-02   84.0000000    
   2.02962514E-02   85.0000000    
   2.02330928E-02   86.0000000    
   2.01779567E-02   87.0000000    
   2.01149285E-02   88.0000000    
   2.00599059E-02   89.0000000    
   1.99970063E-02   90.0000000    
   1.99341886E-02   91.0000000    
   1.98714305E-02   92.0000000    
   1.98087469E-02   93.0000000    
   1.97540428E-02   94.0000000    
   1.95909590E-02   95.0000000    
   1.92297436E-02   96.0000000    
   1.88677330E-02   97.0000000    
   1.85050312E-02   98.0000000    
   1.81419291E-02   99.0000000    
   1.77786220E-02   100.000000    
   1.74152777E-02   101.000000    
   1.70522053E-02   102.000000    
   1.66895539E-02   103.000000    
   1.63275376E-02   104.000000    
   1.59664005E-02   105.000000    
   1.56063586E-02   106.000000    
   1.52476123E-02   107.000000    
   1.48904053E-02   108.000000    
   1.45349149E-02   109.000000    
   1.41813997E-02   110.000000    
   1.38300555E-02   111.000000    
   1.34810349E-02   112.000000    
   1.31346220E-02   113.000000    
   1.27909705E-02   114.000000    
   1.24502890E-02   115.000000    
   1.21127907E-02   116.000000    
   1.17786340E-02   117.000000    
   1.14480276E-02   118.000000    
   1.11211278E-02   119.000000    
   1.07981088E-02   120.000000    
   1.04791783E-02   121.000000    
   1.01644620E-02   122.000000    
   9.85412486E-03   123.000000    
   9.54829063E-03   124.000000    
   9.24713351E-03   125.000000    
   8.95079412E-03   126.000000    
   8.65934603E-03   127.000000    
   8.37296434E-03   128.000000    
   8.09172355E-03   129.000000    
   7.81575684E-03   130.000000    
   7.54513033E-03   131.000000    
   7.27993203E-03   132.000000    
   7.02025602E-03   133.000000    
   6.71773776E-03   134.000000    
   6.40050648E-03   135.000000    
   6.09489391E-03   136.000000    
   5.80067514E-03   137.000000    
   5.51765785E-03   138.000000    
   5.24561573E-03   139.000000    
   4.98429406E-03   140.000000    
   4.73349961E-03   141.000000    
   4.49295389E-03   142.000000    
   4.26243758E-03   143.000000    
   4.04168991E-03   144.000000    
   3.83045245E-03   145.000000    
   3.62846418E-03   146.000000    
   3.43551324E-03   147.000000    
   3.25126736E-03   148.000000    
   3.07551119E-03   149.000000    
   2.90798675E-03   150.000000    
