0 0
58.73 1
117.46 2
175.54 3
233.28 4
290.38 5
346.07 6
401.77 7
454.74 8
507.63 9
558.34 10
607.74 11
655.99 12
701.29 13
746.6 14
787.7 15
828.5 16
866.5 17
902.7 18
937.6 19
969.1 20
1000.5 21
1027.9 22
1054.8 23
1080 24
1102.9 25
1124.2 26
1143.9 27
1161.8 28
1178.2 29
1193.4 30
1207.2 31
1219.9 32
1231.5 33
1242.1 34
1251.5 35
1260 36
1267.7 37
1274.6 38
1280.8 39
1286.4 40
1291.4 41
1295.8 42
1299.7 43
1303.3 44
1306.4 45
1309.3 46
1311.8 47
1314 48
1316 49
1317.9 50
1319.6 51
1321.2 52
1322.7 53
1324.1 54
1325.5 55
1326.9 56
1328.2 57
1329.5 58
1330.7 59
1332 60
1333.2 61
1334.4 62
1335.5 63
1336.7 64
1337.8 65
1339 66
1340.1 67
1341.1 68
1342.2 69
1343.2 70
1344.2 71
1345.1 72
1345.9 73
1346.7 74
1347.3 75
1347.8 76
1348.2 77
1348.5 78
1348.8 79
1349 80
1349.2 81
1349.4 82
1349.5 83
1349.6 84
1349.7 85
1349.7 86
1349.8 87
1349.8 88
1349.9 89
1349.9 90
1349.9 91
1349.9 92
1349.9 93
1350 94
1350 95
1350 96
1350 97
1350 98
1350 99
1350 100
1350 101
1350 102
1350 103
1350 104
1350 105
1350 106
1350 107
1350 108
1350 109
1350 110
1350 111
1350 112
1350 113
1350 114
1350 115
1350 116
1350 117
1350 118
1350 119
1350 120
1350 121
1350 122
1350 123
1350 124
1350 125
1350 126
1350 127
1350 128
1350 129
1350 130
1350 131
1350 132
1350 133
1350 134
1350 135
1350 136
1350 137
1350 138
1350 139
1350 140
1350 141
1350 142
1350 143
1350 144
1350 145
1350 146
1350 147
1350 148
1350 149
1350 150
