   2.00000009E-03   0.00000000    
   2.00000009E-03   1.00000000    
   2.00000009E-03   2.00000000    
   2.00000009E-03   3.00000000    
   2.00000009E-03   4.00000000    
   2.00000009E-03   5.00000000    
   2.00000009E-03   6.00000000    
   2.00000009E-03   7.00000000    
   2.00000009E-03   8.00000000    
   2.00000009E-03   9.00000000    
   2.00000009E-03   10.0000000    
   2.00000009E-03   11.0000000    
   2.00000009E-03   12.0000000    
   2.00000009E-03   13.0000000    
   2.00000009E-03   14.0000000    
   2.00000009E-03   15.0000000    
   2.00000009E-03   16.0000000    
   2.00000009E-03   17.0000000    
   2.00000009E-03   18.0000000    
   2.00000009E-03   19.0000000    
   2.00000009E-03   20.0000000    
   2.00000009E-03   21.0000000    
   2.00000009E-03   22.0000000    
   2.00000009E-03   23.0000000    
   2.00000009E-03   24.0000000    
   2.00000009E-03   25.0000000    
   2.00000009E-03   26.0000000    
   2.00000009E-03   27.0000000    
   2.00000009E-03   28.0000000    
   2.00000009E-03   29.0000000    
   2.00000009E-03   30.0000000    
   2.00000009E-03   31.0000000    
   2.00000009E-03   32.0000000    
   2.66379840E-03   33.0000000    
   4.20231326E-03   34.0000000    
   5.87200746E-03   35.0000000    
   7.34337419E-03   36.0000000    
   8.77090264E-03   37.0000000    
   1.00984173E-02   38.0000000    
   1.13100810E-02   39.0000000    
   1.24054579E-02   40.0000000    
   1.33694727E-02   41.0000000    
   1.41929127E-02   42.0000000    
   1.48957418E-02   43.0000000    
   1.55257117E-02   44.0000000    
   1.60317644E-02   45.0000000    
   1.64886247E-02   46.0000000    
   1.68464892E-02   47.0000000    
   1.71307214E-02   48.0000000    
   1.73664186E-02   49.0000000    
   1.75785031E-02   50.0000000    
   1.77424531E-02   51.0000000    
   1.78831499E-02   52.0000000    
   1.80006418E-02   53.0000000    
   1.80950761E-02   54.0000000    
   1.81909595E-02   55.0000000    
   1.82883572E-02   56.0000000    
   1.83627531E-02   57.0000000    
   1.84387267E-02   58.0000000    
   1.84917860E-02   59.0000000    
   1.85707919E-02   60.0000000    
   1.86269302E-02   61.0000000    
   1.86846685E-02   62.0000000    
   1.87196527E-02   63.0000000    
   1.87804401E-02   64.0000000    
   1.88185964E-02   65.0000000    
   1.88824236E-02   66.0000000    
   1.89235993E-02   67.0000000    
   1.89422742E-02   68.0000000    
   1.89865604E-02   69.0000000    
   2.05179099E-02   70.0000000    
   2.05338653E-02   71.0000000    
   2.05418244E-02   72.0000000    
   2.05418058E-02   73.0000000    
   2.05417797E-02   74.0000000    
   2.05258317E-02   75.0000000    
   2.05019265E-02   76.0000000    
   2.04700828E-02   77.0000000    
   2.04303265E-02   78.0000000    
   2.03906074E-02   79.0000000    
   2.03429777E-02   80.0000000    
   2.02953890E-02   81.0000000    
   2.02478692E-02   82.0000000    
   2.01924648E-02   83.0000000    
   2.01371070E-02   84.0000000    
   2.00818200E-02   85.0000000    
   2.00186707E-02   86.0000000    
   1.99635159E-02   87.0000000    
   1.99005008E-02   88.0000000    
   1.98454596E-02   89.0000000    
   1.97825842E-02   90.0000000    
   1.97197851E-02   91.0000000    
   1.96570568E-02   92.0000000    
   1.95944030E-02   93.0000000    
   1.95396952E-02   94.0000000    
   1.94771849E-02   95.0000000    
   1.93256661E-02   96.0000000    
   1.90007780E-02   97.0000000    
   1.86756346E-02   98.0000000    
   1.83504410E-02   99.0000000    
   1.80253461E-02   100.000000    
   1.77005157E-02   101.000000    
   1.73761118E-02   102.000000    
   1.70522556E-02   103.000000    
   1.67291220E-02   104.000000    
   1.64068919E-02   105.000000    
   1.60856936E-02   106.000000    
   1.57656856E-02   107.000000    
   1.54470420E-02   108.000000    
   1.51299080E-02   109.000000    
   1.48144243E-02   110.000000    
   1.45007083E-02   111.000000    
   1.41889742E-02   112.000000    
   1.38793057E-02   113.000000    
   1.35718770E-02   114.000000    
   1.32668279E-02   115.000000    
   1.29642719E-02   116.000000    
   1.26643358E-02   117.000000    
   1.23671563E-02   118.000000    
   1.20728835E-02   119.000000    
   1.17815835E-02   120.000000    
   1.14934454E-02   121.000000    
   1.12085138E-02   122.000000    
   1.09268948E-02   123.000000    
   1.06487544E-02   124.000000    
   1.03741474E-02   125.000000    
   1.01031717E-02   126.000000    
   9.83592123E-03   127.000000    
   9.57248826E-03   128.000000    
   9.31290910E-03   129.000000    
   9.05731693E-03   130.000000    
   8.80573876E-03   131.000000    
   8.55823420E-03   132.000000    
   8.31488520E-03   133.000000    
   8.07575881E-03   134.000000    
   7.84088112E-03   135.000000    
   7.61031965E-03   136.000000    
   7.38404505E-03   137.000000    
   7.16215093E-03   138.000000    
   6.94464892E-03   139.000000    
   6.73156930E-03   140.000000    
   6.52289204E-03   141.000000    
   6.28479477E-03   142.000000    
   6.03275700E-03   143.000000    
   5.78911882E-03   144.000000    
   5.55375731E-03   145.000000    
   5.32642379E-03   146.000000    
   5.10701770E-03   147.000000    
   4.89530526E-03   148.000000    
   4.69115376E-03   149.000000    
   4.49437881E-03   150.000000    
