   4.68534184       0.00000000    
   4.66654444       1.00000000    
   4.64767075       2.00000000    
   4.62895298       3.00000000    
   4.61028147       4.00000000    
   4.59176445       5.00000000    
   4.57368469       6.00000000    
   4.55552816       7.00000000    
   4.53829670       8.00000000    
   4.52102900       9.00000000    
   4.50449705       10.0000000    
   4.48838806       11.0000000    
   4.47264767       12.0000000    
   4.45794773       13.0000000    
   4.44319534       14.0000000    
   4.42996979       15.0000000    
   4.41681623       16.0000000    
   4.40467787       17.0000000    
   4.39318514       18.0000000    
   4.38215399       19.0000000    
   4.37238359       20.0000000    
   4.36262941       21.0000000    
   4.35437632       22.0000000    
   4.34629822       23.0000000    
   4.33885384       24.0000000    
   4.33227015       25.0000000    
   4.32622957       26.0000000    
   4.32078123       27.0000000    
   4.31600475       28.0000000    
   4.31176519       29.0000000    
   4.30770636       30.0000000    
   4.30363035       31.0000000    
   4.29884815       32.0000000    
   4.29271793       33.0000000    
   4.28503370       34.0000000    
   4.27648449       35.0000000    
   4.26818132       36.0000000    
   4.25972271       37.0000000    
   4.25150490       38.0000000    
   4.24371052       39.0000000    
   4.23643208       40.0000000    
   4.22989702       41.0000000    
   4.22429895       42.0000000    
   4.21956587       43.0000000    
   4.21533346       44.0000000    
   4.21214628       45.0000000    
   4.20933962       46.0000000    
   4.20744228       47.0000000    
   4.20624113       48.0000000    
   4.20550489       49.0000000    
   4.20498943       50.0000000    
   4.20495892       51.0000000    
   4.20516253       52.0000000    
   4.20560455       53.0000000    
   4.20628643       54.0000000    
   4.20694876       55.0000000    
   4.20759153       56.0000000    
   4.20847893       57.0000000    
   4.20934677       58.0000000    
   4.21046305       59.0000000    
   4.21129417       60.0000000    
   4.21237421       61.0000000    
   4.21343517       62.0000000    
   4.21474648       63.0000000    
   4.21577311       64.0000000    
   4.21704912       65.0000000    
   4.21803951       66.0000000    
   4.21928120       67.0000000    
   4.22077560       68.0000000    
   4.22198296       69.0000000    
   4.20757008       70.0000000    
   4.20906496       71.0000000    
   4.21067286       72.0000000    
   4.21239567       73.0000000    
   4.21411705       74.0000000    
   4.21606779       75.0000000    
   4.21813297       76.0000000    
   4.22031212       77.0000000    
   4.22260427       78.0000000    
   4.22489595       79.0000000    
   4.22730064       80.0000000    
   4.22970438       81.0000000    
   4.23210621       82.0000000    
   4.23462105       83.0000000    
   4.23713493       84.0000000    
   4.23964596       85.0000000    
   4.24226952       86.0000000    
   4.24477768       87.0000000    
   4.24739742       88.0000000    
   4.24990225       89.0000000    
   4.25251865       90.0000000    
   4.25513268       91.0000000    
   4.25774527       92.0000000    
   4.26035500       93.0000000    
   4.26285124       94.0000000    
   4.26545763       95.0000000    
   4.26901484       96.0000000    
   4.27438831       97.0000000    
   4.27970695       98.0000000    
   4.28497171       99.0000000    
   4.29018116       100.000000    
   4.29533625       101.000000    
   4.30043650       102.000000    
   4.30548286       103.000000    
   4.31047344       104.000000    
   4.31541061       105.000000    
   4.32029295       106.000000    
   4.32512093       107.000000    
   4.32989502       108.000000    
   4.33461475       109.000000    
   4.33928108       110.000000    
   4.34389400       111.000000    
   4.34845352       112.000000    
   4.35295963       113.000000    
   4.35741377       114.000000    
   4.36181498       115.000000    
   4.36616468       116.000000    
   4.37046194       117.000000    
   4.37470865       118.000000    
   4.37890387       119.000000    
   4.38304949       120.000000    
   4.38714457       121.000000    
   4.39119053       122.000000    
   4.39518690       123.000000    
   4.39913607       124.000000    
   4.40303659       125.000000    
   4.40688944       126.000000    
   4.41069603       127.000000    
   4.41445589       128.000000    
   4.41817093       129.000000    
   4.42184067       130.000000    
   4.42546654       131.000000    
   4.42904854       132.000000    
   4.43258810       133.000000    
   4.43608379       134.000000    
   4.43953896       135.000000    
   4.44295263       136.000000    
   4.44632673       137.000000    
   4.44966078       138.000000    
   4.45295620       139.000000    
   4.45621347       140.000000    
   4.45943356       141.000000    
   4.46276331       142.000000    
   4.46613312       143.000000    
   4.46944857       144.000000    
   4.47271013       145.000000    
   4.47591972       146.000000    
   4.47908068       147.000000    
   4.48219347       148.000000    
   4.48525906       149.000000    
   4.48828125       150.000000    
