   2.00000009E-03   0.00000000    
   2.00000009E-03   1.00000000    
   2.00000009E-03   2.00000000    
   2.00000009E-03   3.00000000    
   2.00000009E-03   4.00000000    
   2.00000009E-03   5.00000000    
   2.00000009E-03   6.00000000    
   2.00000009E-03   7.00000000    
   2.00000009E-03   8.00000000    
   2.00000009E-03   9.00000000    
   2.00000009E-03   10.0000000    
   2.00000009E-03   11.0000000    
   2.00000009E-03   12.0000000    
   2.00000009E-03   13.0000000    
   2.00000009E-03   14.0000000    
   2.00000009E-03   15.0000000    
   2.00000009E-03   16.0000000    
   2.00000009E-03   17.0000000    
   2.00000009E-03   18.0000000    
   2.00000009E-03   19.0000000    
   2.00000009E-03   20.0000000    
   2.00000009E-03   21.0000000    
   2.00000009E-03   22.0000000    
   2.00000009E-03   23.0000000    
   2.00000009E-03   24.0000000    
   2.00000009E-03   25.0000000    
   2.00000009E-03   26.0000000    
   2.39812280E-03   27.0000000    
   4.52756463E-03   28.0000000    
   7.09559815E-03   29.0000000    
   9.86203179E-03   30.0000000    
   1.23156849E-02   31.0000000    
   1.31934779E-02   32.0000000    
   1.40072051E-02   33.0000000    
   1.47580188E-02   34.0000000    
   1.54255526E-02   35.0000000    
   1.60292108E-02   36.0000000    
   1.65743381E-02   37.0000000    
   1.70591604E-02   38.0000000    
   1.74902808E-02   39.0000000    
   1.78748108E-02   40.0000000    
   1.82121620E-02   41.0000000    
   1.85018741E-02   42.0000000    
   1.87516976E-02   43.0000000    
   1.89775508E-02   44.0000000    
   1.91632211E-02   45.0000000    
   1.93327926E-02   46.0000000    
   1.94701217E-02   47.0000000    
   1.95832662E-02   48.0000000    
   1.96802411E-02   49.0000000    
   1.97691303E-02   50.0000000    
   1.98418442E-02   51.0000000    
   1.99064836E-02   52.0000000    
   1.99630298E-02   53.0000000    
   2.00115014E-02   54.0000000    
   2.00599246E-02   55.0000000    
   2.01083142E-02   56.0000000    
   2.01486200E-02   57.0000000    
   2.01889165E-02   58.0000000    
   2.02211309E-02   59.0000000    
   2.02613641E-02   60.0000000    
   2.02935226E-02   61.0000000    
   2.03256756E-02   62.0000000    
   2.03497801E-02   63.0000000    
   2.03818679E-02   64.0000000    
   2.04059314E-02   65.0000000    
   2.04379633E-02   66.0000000    
   2.04619691E-02   67.0000000    
   2.04779785E-02   68.0000000    
   2.05019470E-02   69.0000000    
   2.05179099E-02   70.0000000    
   2.05338653E-02   71.0000000    
   2.05418244E-02   72.0000000    
   2.05418058E-02   73.0000000    
   2.05417797E-02   74.0000000    
   2.05258317E-02   75.0000000    
   2.05019265E-02   76.0000000    
   2.04700828E-02   77.0000000    
   2.04303265E-02   78.0000000    
   2.03906074E-02   79.0000000    
   2.03429777E-02   80.0000000    
   2.02953890E-02   81.0000000    
   2.02478692E-02   82.0000000    
   2.01924648E-02   83.0000000    
   2.01371070E-02   84.0000000    
   2.00818200E-02   85.0000000    
   2.00186707E-02   86.0000000    
   1.99635159E-02   87.0000000    
   1.99005008E-02   88.0000000    
   1.98454596E-02   89.0000000    
   1.97825842E-02   90.0000000    
   1.97197851E-02   91.0000000    
   1.96570568E-02   92.0000000    
   1.95944030E-02   93.0000000    
   1.95396952E-02   94.0000000    
   1.93765033E-02   95.0000000    
   1.90149881E-02   96.0000000    
   1.86527818E-02   97.0000000    
   1.82899889E-02   98.0000000    
   1.79268979E-02   99.0000000    
   1.75637137E-02   100.000000    
   1.72006097E-02   101.000000    
   1.68378819E-02   102.000000    
   1.64756794E-02   103.000000    
   1.61142275E-02   104.000000    
   1.57537721E-02   105.000000    
   1.53945191E-02   106.000000    
   1.50366742E-02   107.000000    
   1.46804787E-02   108.000000    
   1.43261096E-02   109.000000    
   1.39738293E-02   110.000000    
   1.36238253E-02   111.000000    
   1.32762464E-02   112.000000    
   1.29313879E-02   113.000000    
   1.25893960E-02   114.000000    
   1.22504719E-02   115.000000    
   1.19148362E-02   116.000000    
   1.15826316E-02   117.000000    
   1.12540815E-02   118.000000    
   1.09293284E-02   119.000000    
   1.06085455E-02   120.000000    
   1.02919396E-02   121.000000    
   9.97963268E-03   122.000000    
   9.67178401E-03   123.000000    
   9.36851650E-03   124.000000    
   9.07000061E-03   125.000000    
   8.77637416E-03   126.000000    
   8.48770328E-03   127.000000    
   8.20416305E-03   128.000000    
   7.92582333E-03   129.000000    
   7.65281077E-03   130.000000    
   7.38518918E-03   131.000000    
   7.12303910E-03   132.000000    
   6.86645648E-03   133.000000    
   6.56813243E-03   134.000000    
   6.25562295E-03   135.000000    
   5.95467957E-03   136.000000    
   5.66507224E-03   137.000000    
   5.38661005E-03   138.000000    
   5.11905504E-03   139.000000    
   4.86215157E-03   140.000000    
   4.61570313E-03   141.000000    
   4.37942846E-03   142.000000    
   4.15310264E-03   143.000000    
   3.93646024E-03   144.000000    
   3.72924586E-03   145.000000    
   3.53119080E-03   146.000000    
   3.34208319E-03   147.000000    
   3.16158892E-03   148.000000    
   2.98949005E-03   149.000000    
   2.82552768E-03   150.000000    
