   4.68534184       0.00000000    
   4.66654444       1.00000000    
   4.64767075       2.00000000    
   4.62895298       3.00000000    
   4.61028147       4.00000000    
   4.59176445       5.00000000    
   4.57368469       6.00000000    
   4.55552816       7.00000000    
   4.53829670       8.00000000    
   4.52102900       9.00000000    
   4.50449705       10.0000000    
   4.48838806       11.0000000    
   4.47264767       12.0000000    
   4.45794773       13.0000000    
   4.44319534       14.0000000    
   4.42996979       15.0000000    
   4.41681623       16.0000000    
   4.40467787       17.0000000    
   4.39318514       18.0000000    
   4.38215399       19.0000000    
   4.37238359       20.0000000    
   4.36262941       21.0000000    
   4.35437632       22.0000000    
   4.34629822       23.0000000    
   4.33885384       24.0000000    
   4.33223057       25.0000000    
   4.32618952       26.0000000    
   4.32073498       27.0000000    
   4.31583500       28.0000000    
   4.31109905       29.0000000    
   4.30585957       30.0000000    
   4.29953861       31.0000000    
   4.29167843       32.0000000    
   4.28302908       33.0000000    
   4.27406931       34.0000000    
   4.26525831       35.0000000    
   4.25667667       36.0000000    
   4.24855042       37.0000000    
   4.24120331       38.0000000    
   4.23471546       39.0000000    
   4.22908592       40.0000000    
   4.22446156       41.0000000    
   4.22096014       42.0000000    
   4.21845007       43.0000000    
   4.21653795       44.0000000    
   4.21570730       45.0000000    
   4.21530104       46.0000000    
   4.21578884       47.0000000    
   4.21694899       48.0000000    
   4.21855402       49.0000000    
   4.22037315       50.0000000    
   4.22263193       51.0000000    
   4.22510052       52.0000000    
   4.22777414       53.0000000    
   4.23064995       54.0000000    
   4.23350143       55.0000000    
   4.23632908       56.0000000    
   4.23935270       57.0000000    
   4.24234819       58.0000000    
   4.24553490       59.0000000    
   4.24847651       60.0000000    
   4.25160694       61.0000000    
   4.25470686       62.0000000    
   4.25798845       63.0000000    
   4.26103115       64.0000000    
   4.26425028       65.0000000    
   4.26723623       66.0000000    
   4.27039671       67.0000000    
   4.27372503       68.0000000    
   4.27682304       69.0000000    
   4.28008699       70.0000000    
   4.28331757       71.0000000    
   4.28670502       72.0000000    
   4.29024363       73.0000000    
   4.29374123       74.0000000    
   4.29756165       75.0000000    
   4.30150938       76.0000000    
   4.30557442       77.0000000    
   4.30974674       78.0000000    
   4.31384897       79.0000000    
   4.31804562       80.0000000    
   4.32216549       81.0000000    
   4.32621050       82.0000000    
   4.33033276       83.0000000    
   4.33438158       84.0000000    
   4.33879995       85.0000000    
   4.34323835       86.0000000    
   4.34738207       87.0000000    
   4.35154343       88.0000000    
   4.35543489       89.0000000    
   4.35934258       90.0000000    
   4.36312914       91.0000000    
   4.36679983       92.0000000    
   4.37036085       93.0000000    
   4.37371063       94.0000000    
   4.37707424       95.0000000    
   4.38034487       96.0000000    
   4.38352728       97.0000000    
   4.38662672       98.0000000    
   4.38964844       99.0000000    
   4.39259672       100.000000    
   4.39567900       101.000000    
   4.39858818       102.000000    
   4.40141582       103.000000    
   4.40416908       104.000000    
   4.40685177       105.000000    
   4.40947056       106.000000    
   4.41203213       107.000000    
   4.41454029       108.000000    
   4.41700029       109.000000    
   4.41941738       110.000000    
   4.42179585       111.000000    
   4.42413902       112.000000    
   4.42639542       113.000000    
   4.42858410       114.000000    
   4.43076944       115.000000    
   4.43295336       116.000000    
   4.43513441       117.000000    
   4.43731308       118.000000    
   4.43948793       119.000000    
   4.44162941       120.000000    
   4.44376850       121.000000    
   4.44590759       122.000000    
   4.44804478       123.000000    
   4.45018053       124.000000    
   4.45231628       125.000000    
   4.45445013       126.000000    
   4.45658302       127.000000    
   4.45871496       128.000000    
   4.46084499       129.000000    
   4.46297455       130.000000    
   4.46510267       131.000000    
   4.46722984       132.000000    
   4.46935654       133.000000    
   4.47148085       134.000000    
   4.47360516       135.000000    
   4.47572756       136.000000    
   4.47784948       137.000000    
   4.47996950       138.000000    
   4.48208952       139.000000    
   4.48420763       140.000000    
   4.48632479       141.000000    
   4.48844099       142.000000    
   4.49055576       143.000000    
   4.49267006       144.000000    
   4.49478292       145.000000    
   4.49689388       146.000000    
   4.49900532       147.000000    
   4.50111437       148.000000    
   4.50322294       149.000000    
   4.50533056       150.000000    
