   2.00000009E-03   0.00000000    
   2.00000009E-03   1.00000000    
   2.00000009E-03   2.00000000    
   2.00000009E-03   3.00000000    
   2.00000009E-03   4.00000000    
   2.00000009E-03   5.00000000    
   2.00000009E-03   6.00000000    
   2.00000009E-03   7.00000000    
   2.00000009E-03   8.00000000    
   2.00000009E-03   9.00000000    
   2.00000009E-03   10.0000000    
   2.00000009E-03   11.0000000    
   2.00000009E-03   12.0000000    
   2.00000009E-03   13.0000000    
   2.00000009E-03   14.0000000    
   2.00000009E-03   15.0000000    
   2.00000009E-03   16.0000000    
   2.00000009E-03   17.0000000    
   2.00000009E-03   18.0000000    
   2.00000009E-03   19.0000000    
   2.00000009E-03   20.0000000    
   2.00000009E-03   21.0000000    
   2.00000009E-03   22.0000000    
   2.00000009E-03   23.0000000    
   2.00000009E-03   24.0000000    
   2.00000009E-03   25.0000000    
   2.00000009E-03   26.0000000    
   2.00000009E-03   27.0000000    
   2.00000009E-03   28.0000000    
   2.00000009E-03   29.0000000    
   2.00000009E-03   30.0000000    
   2.00000009E-03   31.0000000    
   2.00000009E-03   32.0000000    
   2.00000009E-03   33.0000000    
   2.00000009E-03   34.0000000    
   2.00000009E-03   35.0000000    
   2.00000009E-03   36.0000000    
   2.00000009E-03   37.0000000    
   2.00000009E-03   38.0000000    
   2.00000009E-03   39.0000000    
   2.00000009E-03   40.0000000    
   2.00000009E-03   41.0000000    
   2.00000009E-03   42.0000000    
   2.00000009E-03   43.0000000    
   2.00000009E-03   44.0000000    
   2.00000009E-03   45.0000000    
   2.00000009E-03   46.0000000    
   2.00000009E-03   47.0000000    
   2.00000009E-03   48.0000000    
   2.74801953E-03   49.0000000    
   3.68858152E-03   50.0000000    
   4.79212217E-03   51.0000000    
   5.97196352E-03   52.0000000    
   6.95411302E-03   53.0000000    
   7.91590568E-03   54.0000000    
   8.83724727E-03   55.0000000    
   9.70226713E-03   56.0000000    
   1.05220126E-02   57.0000000    
   1.12643167E-02   58.0000000    
   1.19706634E-02   59.0000000    
   1.26372799E-02   60.0000000    
   1.32120559E-02   61.0000000    
   1.37664964E-02   62.0000000    
   1.42250471E-02   63.0000000    
   1.46610532E-02   64.0000000    
   1.50492778E-02   65.0000000    
   1.53893372E-02   66.0000000    
   1.56810954E-02   67.0000000    
   1.59493983E-02   68.0000000    
   1.61693934E-02   69.0000000    
   1.96482837E-02   70.0000000    
   1.97044387E-02   71.0000000    
   1.97525751E-02   72.0000000    
   1.98006928E-02   73.0000000    
   1.98248830E-02   74.0000000    
   1.98570285E-02   75.0000000    
   1.98732279E-02   76.0000000    
   1.98814683E-02   77.0000000    
   1.98896974E-02   78.0000000    
   1.98820457E-02   79.0000000    
   1.98823344E-02   80.0000000    
   1.98667645E-02   81.0000000    
   1.98512059E-02   82.0000000    
   1.98277421E-02   83.0000000    
   1.98122133E-02   84.0000000    
   1.97808761E-02   85.0000000    
   1.97495669E-02   86.0000000    
   1.97182931E-02   87.0000000    
   1.96791515E-02   88.0000000    
   1.96479466E-02   89.0000000    
   1.96010042E-02   90.0000000    
   1.95619874E-02   91.0000000    
   1.95151325E-02   92.0000000    
   1.94683410E-02   93.0000000    
   1.94215905E-02   94.0000000    
   1.93487629E-02   95.0000000    
   1.90458968E-02   96.0000000    
   1.87429786E-02   97.0000000    
   1.84637364E-02   98.0000000    
   1.81612391E-02   99.0000000    
   1.78591702E-02   100.000000    
   1.75337456E-02   101.000000    
   1.72326900E-02   102.000000    
   1.69324279E-02   103.000000    
   1.66330226E-02   104.000000    
   1.63106080E-02   105.000000    
   1.60133783E-02   106.000000    
   1.56932957E-02   107.000000    
   1.53746158E-02   108.000000    
   1.50816245E-02   109.000000    
   1.47661725E-02   110.000000    
   1.44524965E-02   111.000000    
   1.41408034E-02   112.000000    
   1.38552589E-02   113.000000    
   1.35478824E-02   114.000000    
   1.32428957E-02   115.000000    
   1.29404124E-02   116.000000    
   1.26405638E-02   117.000000    
   1.23434784E-02   118.000000    
   1.20493099E-02   119.000000    
   1.17581291E-02   120.000000    
   1.14934454E-02   121.000000    
   1.12085138E-02   122.000000    
   1.09268948E-02   123.000000    
   1.06487544E-02   124.000000    
   1.03741474E-02   125.000000    
   1.01031717E-02   126.000000    
   9.83592123E-03   127.000000    
   9.57248826E-03   128.000000    
   9.31290910E-03   129.000000    
   9.05731693E-03   130.000000    
   8.80573876E-03   131.000000    
   8.55823420E-03   132.000000    
   8.31488520E-03   133.000000    
   8.07575881E-03   134.000000    
   7.84088112E-03   135.000000    
   7.61031965E-03   136.000000    
   7.38404505E-03   137.000000    
   7.16215093E-03   138.000000    
   6.94464892E-03   139.000000    
   6.73156930E-03   140.000000    
   6.52289204E-03   141.000000    
   6.28479477E-03   142.000000    
   6.03275700E-03   143.000000    
   5.78911882E-03   144.000000    
   5.55375731E-03   145.000000    
   5.32642379E-03   146.000000    
   5.10701770E-03   147.000000    
   4.89530526E-03   148.000000    
   4.69115376E-03   149.000000    
   4.49437881E-03   150.000000    
