   2.00000009E-03   0.00000000    
   2.00000009E-03   1.00000000    
   2.00000009E-03   2.00000000    
   2.00000009E-03   3.00000000    
   2.00000009E-03   4.00000000    
   2.00000009E-03   5.00000000    
   2.00000009E-03   6.00000000    
   2.00000009E-03   7.00000000    
   2.00000009E-03   8.00000000    
   2.00000009E-03   9.00000000    
   2.00000009E-03   10.0000000    
   2.00000009E-03   11.0000000    
   2.00000009E-03   12.0000000    
   2.00000009E-03   13.0000000    
   2.00000009E-03   14.0000000    
   2.00000009E-03   15.0000000    
   2.00000009E-03   16.0000000    
   2.00000009E-03   17.0000000    
   2.00000009E-03   18.0000000    
   2.00000009E-03   19.0000000    
   2.00000009E-03   20.0000000    
   2.00000009E-03   21.0000000    
   2.00000009E-03   22.0000000    
   2.00000009E-03   23.0000000    
   2.00000009E-03   24.0000000    
   2.00000009E-03   25.0000000    
   2.00000009E-03   26.0000000    
   2.00000009E-03   27.0000000    
   2.00000009E-03   28.0000000    
   2.00000009E-03   29.0000000    
   2.00000009E-03   30.0000000    
   2.00000009E-03   31.0000000    
   2.00000009E-03   32.0000000    
   2.00000009E-03   33.0000000    
   2.00000009E-03   34.0000000    
   2.00000009E-03   35.0000000    
   2.00000009E-03   36.0000000    
   2.00000009E-03   37.0000000    
   2.00000009E-03   38.0000000    
   2.00000009E-03   39.0000000    
   2.00000009E-03   40.0000000    
   2.00000009E-03   41.0000000    
   2.00000009E-03   42.0000000    
   2.00000009E-03   43.0000000    
   2.00000009E-03   44.0000000    
   2.00000009E-03   45.0000000    
   2.00000009E-03   46.0000000    
   2.00000009E-03   47.0000000    
   2.07321183E-03   48.0000000    
   3.02331476E-03   49.0000000    
   4.08014981E-03   50.0000000    
   5.32153388E-03   51.0000000    
   6.64940989E-03   52.0000000    
   7.75709283E-03   53.0000000    
   8.84063169E-03   54.0000000    
   9.87726264E-03   55.0000000    
   1.08492682E-02   56.0000000    
   1.17689976E-02   57.0000000    
   1.26011400E-02   58.0000000    
   1.33917695E-02   59.0000000    
   1.41368713E-02   60.0000000    
   1.47797018E-02   61.0000000    
   1.53988814E-02   62.0000000    
   1.59122515E-02   63.0000000    
   1.64000914E-02   64.0000000    
   1.68351308E-02   65.0000000    
   1.72171984E-02   66.0000000    
   1.75463837E-02   67.0000000    
   1.78497117E-02   68.0000000    
   1.81004722E-02   69.0000000    
   2.15838403E-02   70.0000000    
   2.16624252E-02   71.0000000    
   2.17313636E-02   72.0000000    
   2.18002722E-02   73.0000000    
   2.18404327E-02   74.0000000    
   2.18901280E-02   75.0000000    
   2.19206717E-02   76.0000000    
   2.19416320E-02   77.0000000    
   2.19625775E-02   78.0000000    
   2.19644271E-02   79.0000000    
   2.19758041E-02   80.0000000    
   2.19681077E-02   81.0000000    
   2.19604112E-02   82.0000000    
   2.19431967E-02   83.0000000    
   2.19355095E-02   84.0000000    
   2.19087973E-02   85.0000000    
   2.18820907E-02   86.0000000    
   2.18554121E-02   87.0000000    
   2.18192451E-02   88.0000000    
   2.17926186E-02   89.0000000    
   2.17470154E-02   90.0000000    
   2.17109378E-02   91.0000000    
   2.16653887E-02   92.0000000    
   2.16198992E-02   93.0000000    
   2.15744358E-02   94.0000000    
   2.15033945E-02   95.0000000    
   2.12047342E-02   96.0000000    
   2.09053177E-02   97.0000000    
   2.06303354E-02   98.0000000    
   2.03299429E-02   99.0000000    
   2.00292636E-02   100.000000    
   1.97028592E-02   101.000000    
   1.94016583E-02   102.000000    
   1.91005245E-02   103.000000    
   1.87994968E-02   104.000000    
   1.84728559E-02   105.000000    
   1.81724727E-02   106.000000    
   1.78465005E-02   107.000000    
   1.75210871E-02   108.000000    
   1.72226205E-02   109.000000    
   1.68987922E-02   110.000000    
   1.65759008E-02   111.000000    
   1.62541643E-02   112.000000    
   1.59601048E-02   113.000000    
   1.56411026E-02   114.000000    
   1.53236892E-02   115.000000    
   1.50079941E-02   116.000000    
   1.46941505E-02   117.000000    
   1.43823083E-02   118.000000    
   1.40726408E-02   119.000000    
   1.37652233E-02   120.000000    
   1.34864049E-02   121.000000    
   1.31838825E-02   122.000000    
   1.28840040E-02   123.000000    
   1.25869475E-02   124.000000    
   1.22927912E-02   125.000000    
   1.20016551E-02   126.000000    
   1.17136585E-02   127.000000    
   1.14289131E-02   128.000000    
   1.11474842E-02   129.000000    
   1.08695254E-02   130.000000    
   1.05950916E-02   131.000000    
   1.03242639E-02   132.000000    
   1.00571606E-02   133.000000    
   9.79386549E-03   134.000000    
   9.53444466E-03   135.000000    
   9.27897822E-03   136.000000    
   9.02747363E-03   137.000000    
   8.78004823E-03   138.000000    
   8.53674486E-03   139.000000    
   8.29762127E-03   140.000000    
   8.06268025E-03   141.000000    
   7.79016502E-03   142.000000    
   7.49888970E-03   143.000000    
   7.21644657E-03   144.000000    
   6.94273971E-03   145.000000    
   6.67753723E-03   146.000000    
   6.42076647E-03   147.000000    
   6.17221463E-03   148.000000    
   5.93177648E-03   149.000000    
   5.69927832E-03   150.000000    
