   2.00000009E-03   0.00000000    
   2.00000009E-03   1.00000000    
   2.00000009E-03   2.00000000    
   2.00000009E-03   3.00000000    
   2.00000009E-03   4.00000000    
   2.00000009E-03   5.00000000    
   2.00000009E-03   6.00000000    
   2.00000009E-03   7.00000000    
   2.00000009E-03   8.00000000    
   2.00000009E-03   9.00000000    
   2.00000009E-03   10.0000000    
   2.00000009E-03   11.0000000    
   2.00000009E-03   12.0000000    
   2.00000009E-03   13.0000000    
   2.00000009E-03   14.0000000    
   2.00000009E-03   15.0000000    
   2.00000009E-03   16.0000000    
   2.00000009E-03   17.0000000    
   2.00000009E-03   18.0000000    
   2.00000009E-03   19.0000000    
   2.00000009E-03   20.0000000    
   2.00000009E-03   21.0000000    
   2.00000009E-03   22.0000000    
   2.00000009E-03   23.0000000    
   2.00000009E-03   24.0000000    
   2.00000009E-03   25.0000000    
   2.00000009E-03   26.0000000    
   2.00000009E-03   27.0000000    
   2.00000009E-03   28.0000000    
   2.00000009E-03   29.0000000    
   2.00000009E-03   30.0000000    
   2.00000009E-03   31.0000000    
   2.00000009E-03   32.0000000    
   2.00000009E-03   33.0000000    
   2.00000009E-03   34.0000000    
   2.00000009E-03   35.0000000    
   2.00000009E-03   36.0000000    
   2.00000009E-03   37.0000000    
   2.00000009E-03   38.0000000    
   2.00000009E-03   39.0000000    
   2.00000009E-03   40.0000000    
   2.00000009E-03   41.0000000    
   2.00000009E-03   42.0000000    
   2.00000009E-03   43.0000000    
   2.00000009E-03   44.0000000    
   2.00000009E-03   45.0000000    
   2.00000009E-03   46.0000000    
   2.00000009E-03   47.0000000    
   2.00000009E-03   48.0000000    
   2.69540004E-03   49.0000000    
   3.44560784E-03   50.0000000    
   4.29379521E-03   51.0000000    
   5.18654985E-03   52.0000000    
   6.07263343E-03   53.0000000    
   6.84222858E-03   54.0000000    
   7.50822248E-03   55.0000000    
   8.11421033E-03   56.0000000    
   8.67297035E-03   57.0000000    
   9.15558543E-03   58.0000000    
   9.60260816E-03   59.0000000    
   1.00112287E-02   60.0000000    
   1.03318272E-02   61.0000000    
   1.06332544E-02   62.0000000    
   1.08425254E-02   63.0000000    
   1.10305054E-02   64.0000000    
   1.11725694E-02   65.0000000    
   1.12682031E-02   66.0000000    
   1.13169802E-02   67.0000000    
   1.13431904E-02   68.0000000    
   1.13222366E-02   69.0000000    
   1.12542482E-02   70.0000000    
   1.11636398E-02   71.0000000    
   1.10505130E-02   72.0000000    
   1.09393103E-02   73.0000000    
   1.07574677E-02   74.0000000    
   1.06020886E-02   75.0000000    
   1.04009593E-02   76.0000000    
   1.01786368E-02   77.0000000    
   9.95926373E-03   78.0000000    
   9.69591271E-03   79.0000000    
   9.45956260E-03   80.0000000    
   9.18049645E-03   81.0000000    
   8.85026064E-03   82.0000000    
   8.45249835E-03   83.0000000    
   8.09561182E-03   84.0000000    
   7.69643858E-03   85.0000000    
   7.31171947E-03   86.0000000    
   6.94127940E-03   87.0000000    
   6.56064367E-03   88.0000000    
   6.21900195E-03   89.0000000    
   5.84574416E-03   90.0000000    
   5.51103940E-03   91.0000000    
   5.17019024E-03   92.0000000    
   4.84556286E-03   93.0000000    
   4.53674654E-03   94.0000000    
   4.24341019E-03   95.0000000    
   3.94786941E-03   96.0000000    
   3.66868032E-03   97.0000000    
   3.42095457E-03   98.0000000    
   3.17224790E-03   99.0000000    
   2.93850363E-03   100.000000    
   2.65741139E-03   101.000000    
   2.41826847E-03   102.000000    
   2.19747610E-03   103.000000    
   2.00000009E-03   104.000000    
   2.00000009E-03   105.000000    
   2.00000009E-03   106.000000    
   2.00000009E-03   107.000000    
   2.00000009E-03   108.000000    
   2.00000009E-03   109.000000    
   2.00000009E-03   110.000000    
   2.00000009E-03   111.000000    
   2.00000009E-03   112.000000    
   2.00000009E-03   113.000000    
   2.00000009E-03   114.000000    
   2.00000009E-03   115.000000    
   2.00000009E-03   116.000000    
   2.00000009E-03   117.000000    
   2.00000009E-03   118.000000    
   2.00000009E-03   119.000000    
   2.00000009E-03   120.000000    
   2.00000009E-03   121.000000    
   2.00000009E-03   122.000000    
   2.00000009E-03   123.000000    
   2.00000009E-03   124.000000    
   2.00000009E-03   125.000000    
   2.00000009E-03   126.000000    
   2.00000009E-03   127.000000    
   2.00000009E-03   128.000000    
   2.00000009E-03   129.000000    
   2.00000009E-03   130.000000    
   2.00000009E-03   131.000000    
   2.00000009E-03   132.000000    
   2.00000009E-03   133.000000    
   2.00000009E-03   134.000000    
   2.00000009E-03   135.000000    
   2.00000009E-03   136.000000    
   2.00000009E-03   137.000000    
   2.00000009E-03   138.000000    
   2.00000009E-03   139.000000    
   2.00000009E-03   140.000000    
   2.00000009E-03   141.000000    
   2.00000009E-03   142.000000    
   2.00000009E-03   143.000000    
   2.00000009E-03   144.000000    
   2.00000009E-03   145.000000    
   2.00000009E-03   146.000000    
   2.00000009E-03   147.000000    
   2.00000009E-03   148.000000    
   2.00000009E-03   149.000000    
   2.00000009E-03   150.000000    
