   4.68534184       0.00000000    
   4.67314959       1.00000000    
   4.66092491       2.00000000    
   4.64874268       3.00000000    
   4.63656425       4.00000000    
   4.62442923       5.00000000    
   4.61241722       6.00000000    
   4.60037661       7.00000000    
   4.58861971       8.00000000    
   4.57684231       9.00000000    
   4.56530046       10.0000000    
   4.55388880       11.0000000    
   4.54259491       12.0000000    
   4.53164148       13.0000000    
   4.52066565       14.0000000    
   4.51022577       15.0000000    
   4.49979782       16.0000000    
   4.48974085       17.0000000    
   4.47993946       18.0000000    
   4.47029400       19.0000000    
   4.46116590       20.0000000    
   4.45205307       21.0000000    
   4.44359303       22.0000000    
   4.43519211       23.0000000    
   4.42718601       24.0000000    
   4.41957855       25.0000000    
   4.41207027       26.0000000    
   4.40522671       27.0000000    
   4.39837217       28.0000000    
   4.39218664       29.0000000    
   4.38610601       30.0000000    
   4.38043261       31.0000000    
   4.37513065       32.0000000    
   4.36997461       33.0000000    
   4.36541939       34.0000000    
   4.36089754       35.0000000    
   4.35692120       36.0000000    
   4.35307169       37.0000000    
   4.34951878       38.0000000    
   4.34633923       39.0000000    
   4.34322786       40.0000000    
   4.34068108       41.0000000    
   4.33807421       42.0000000    
   4.33593035       43.0000000    
   4.33370543       44.0000000    
   4.33150625       45.0000000    
   4.32942915       46.0000000    
   4.32686806       47.0000000    
   4.32440090       48.0000000    
   4.32133627       49.0000000    
   4.31837988       50.0000000    
   4.31501627       51.0000000    
   4.31147861       52.0000000    
   4.30799389       53.0000000    
   4.30489731       54.0000000    
   4.30221415       55.0000000    
   4.29984999       56.0000000    
   4.29773474       57.0000000    
   4.29606819       58.0000000    
   4.29459953       59.0000000    
   4.29335451       60.0000000    
   4.29268074       61.0000000    
   4.29212141       62.0000000    
   4.29218578       63.0000000    
   4.29239273       64.0000000    
   4.29291582       65.0000000    
   4.29376364       66.0000000    
   4.29493999       67.0000000    
   4.29627562       68.0000000    
   4.29794121       69.0000000    
   4.29993534       70.0000000    
   4.30208445       71.0000000    
   4.30438614       72.0000000    
   4.30667019       73.0000000    
   4.30943012       74.0000000    
   4.31200266       75.0000000    
   4.31487370       76.0000000    
   4.31787252       77.0000000    
   4.32083893       78.0000000    
   4.32407808       79.0000000    
   4.32712603       80.0000000    
   4.33043146       81.0000000    
   4.33388138       82.0000000    
   4.33758736       83.0000000    
   4.34105158       84.0000000    
   4.34474087       85.0000000    
   4.34833908       86.0000000    
   4.35184908       87.0000000    
   4.35540771       88.0000000    
   4.35874796       89.0000000    
   4.36225796       90.0000000    
   4.36555576       91.0000000    
   4.36888885       92.0000000    
   4.37213659       93.0000000    
   4.37530422       94.0000000    
   4.37839603       95.0000000    
   4.38150978       96.0000000    
   4.38454819       97.0000000    
   4.38742685       98.0000000    
   4.39032841       99.0000000    
   4.39316654       100.000000    
   4.39617395       101.000000    
   4.39899349       102.000000    
   4.40173817       103.000000    
   4.40441561       104.000000    
   4.40708828       105.000000    
   4.40964127       106.000000    
   4.41219616       107.000000    
   4.41469812       108.000000    
   4.41710186       109.000000    
   4.41951609       110.000000    
   4.42189121       111.000000    
   4.42423153       112.000000    
   4.42643642       113.000000    
   4.42862511       114.000000    
   4.43081045       115.000000    
   4.43299437       116.000000    
   4.43517542       117.000000    
   4.43735409       118.000000    
   4.43952799       119.000000    
   4.44166851       120.000000    
   4.44376850       121.000000    
   4.44590759       122.000000    
   4.44804478       123.000000    
   4.45018053       124.000000    
   4.45231628       125.000000    
   4.45445013       126.000000    
   4.45658302       127.000000    
   4.45871496       128.000000    
   4.46084499       129.000000    
   4.46297455       130.000000    
   4.46510267       131.000000    
   4.46722984       132.000000    
   4.46935654       133.000000    
   4.47148085       134.000000    
   4.47360516       135.000000    
   4.47572756       136.000000    
   4.47784948       137.000000    
   4.47996950       138.000000    
   4.48208952       139.000000    
   4.48420763       140.000000    
   4.48632479       141.000000    
   4.48844099       142.000000    
   4.49055576       143.000000    
   4.49267006       144.000000    
   4.49478292       145.000000    
   4.49689388       146.000000    
   4.49900532       147.000000    
   4.50111437       148.000000    
   4.50322294       149.000000    
   4.50533056       150.000000    
