   4.58775663       0.00000000    
   4.57505798       1.00000000    
   4.56232357       2.00000000    
   4.54963017       3.00000000    
   4.53693819       4.00000000    
   4.52428675       5.00000000    
   4.51175833       6.00000000    
   4.49919844       7.00000000    
   4.48692417       8.00000000    
   4.47462845       9.00000000    
   4.46256971       10.0000000    
   4.45064163       11.0000000    
   4.43883085       12.0000000    
   4.42736769       13.0000000    
   4.41587734       14.0000000    
   4.40493298       15.0000000    
   4.39399958       16.0000000    
   4.38344288       17.0000000    
   4.37314606       18.0000000    
   4.36300564       19.0000000    
   4.35339451       20.0000000    
   4.34379625       21.0000000    
   4.33486509       22.0000000    
   4.32599258       23.0000000    
   4.31752348       24.0000000    
   4.30946112       25.0000000    
   4.30149889       26.0000000    
   4.29421711       27.0000000    
   4.28692293       28.0000000    
   4.28031301       29.0000000    
   4.27380896       30.0000000    
   4.26772308       31.0000000    
   4.26201677       32.0000000    
   4.25645828       33.0000000    
   4.25151730       34.0000000    
   4.24660873       35.0000000    
   4.24228096       36.0000000    
   4.23808050       37.0000000    
   4.23416805       38.0000000    
   4.23063898       39.0000000    
   4.22717571       40.0000000    
   4.22429657       41.0000000    
   4.22135830       42.0000000    
   4.21895409       43.0000000    
   4.21648550       44.0000000    
   4.21403313       45.0000000    
   4.21165419       46.0000000    
   4.20873976       47.0000000    
   4.20565176       48.0000000    
   4.20164537       49.0000000    
   4.19740295       50.0000000    
   4.19232082       51.0000000    
   4.18672228       52.0000000    
   4.18166399       53.0000000    
   4.17655945       54.0000000    
   4.17153740       55.0000000    
   4.16672277       56.0000000    
   4.16205359       57.0000000    
   4.15780306       58.0000000    
   4.15367699       59.0000000    
   4.14972210       60.0000000    
   4.14640427       61.0000000    
   4.14314795       62.0000000    
   4.14063454       63.0000000    
   4.13824654       64.0000000    
   4.13622618       65.0000000    
   4.13459587       66.0000000    
   4.13337564       67.0000000    
   4.13234472       68.0000000    
   4.13174963       69.0000000    
   4.10099602       70.0000000    
   4.10174513       71.0000000    
   4.10260391       72.0000000    
   4.10346031       73.0000000    
   4.10465002       74.0000000    
   4.10572767       75.0000000    
   4.10702705       76.0000000    
   4.10843658       77.0000000    
   4.10984564       78.0000000    
   4.11147738       79.0000000    
   4.11299753       80.0000000    
   4.11473942       81.0000000    
   4.11648035       82.0000000    
   4.11833239       83.0000000    
   4.12007236       84.0000000    
   4.12203360       85.0000000    
   4.12399483       86.0000000    
   4.12595463       87.0000000    
   4.12802505       88.0000000    
   4.12998295       89.0000000    
   4.13216209       90.0000000    
   4.13422823       91.0000000    
   4.13640499       92.0000000    
   4.13857985       93.0000000    
   4.14075422       94.0000000    
   4.14319611       95.0000000    
   4.14801025       96.0000000    
   4.15277672       97.0000000    
   4.15723324       98.0000000    
   4.16190577       99.0000000    
   4.16652870       100.000000    
   4.17135811       101.000000    
   4.17588329       102.000000    
   4.18036032       103.000000    
   4.18478966       104.000000    
   4.18941402       105.000000    
   4.19374561       106.000000    
   4.19826698       107.000000    
   4.20273590       108.000000    
   4.20692062       109.000000    
   4.21128702       110.000000    
   4.21560240       111.000000    
   4.21986532       112.000000    
   4.22385788       113.000000    
   4.22802114       114.000000    
   4.23213387       115.000000    
   4.23619556       116.000000    
   4.24020815       117.000000    
   4.24417067       118.000000    
   4.24808407       119.000000    
   4.25194836       120.000000    
   4.25556850       121.000000    
   4.25934029       122.000000    
   4.26306391       123.000000    
   4.26674128       124.000000    
   4.27037191       125.000000    
   4.27395725       126.000000    
   4.27749729       127.000000    
   4.28099203       128.000000    
   4.28444386       129.000000    
   4.28785229       130.000000    
   4.29121733       131.000000    
   4.29454041       132.000000    
   4.29782248       133.000000    
   4.30106401       134.000000    
   4.30426455       135.000000    
   4.30742645       136.000000    
   4.31054926       137.000000    
   4.31363440       138.000000    
   4.31668186       139.000000    
   4.31969309       140.000000    
   4.32266855       141.000000    
   4.32574654       142.000000    
   4.32886219       143.000000    
   4.33192539       144.000000    
   4.33493757       145.000000    
   4.33790112       146.000000    
   4.34081602       147.000000    
   4.34368563       148.000000    
   4.34651184       149.000000    
   4.34929514       150.000000    
