   4.68534184       0.00000000    
   4.67314959       1.00000000    
   4.66092491       2.00000000    
   4.64874268       3.00000000    
   4.63656425       4.00000000    
   4.62442923       5.00000000    
   4.61241722       6.00000000    
   4.60037661       7.00000000    
   4.58861971       8.00000000    
   4.57684231       9.00000000    
   4.56530046       10.0000000    
   4.55388880       11.0000000    
   4.54259491       12.0000000    
   4.53164148       13.0000000    
   4.52066565       14.0000000    
   4.51022577       15.0000000    
   4.49979782       16.0000000    
   4.48974085       17.0000000    
   4.47993946       18.0000000    
   4.47029400       19.0000000    
   4.46116590       20.0000000    
   4.45205307       21.0000000    
   4.44359303       22.0000000    
   4.43519211       23.0000000    
   4.42718601       24.0000000    
   4.41957855       25.0000000    
   4.41207027       26.0000000    
   4.40522671       27.0000000    
   4.39837217       28.0000000    
   4.39218664       29.0000000    
   4.38610601       30.0000000    
   4.38043261       31.0000000    
   4.37513065       32.0000000    
   4.36997461       33.0000000    
   4.36541939       34.0000000    
   4.36089754       35.0000000    
   4.35694170       36.0000000    
   4.35310888       37.0000000    
   4.34955454       38.0000000    
   4.34637403       39.0000000    
   4.34325838       40.0000000    
   4.34071016       41.0000000    
   4.33810329       42.0000000    
   4.33601570       43.0000000    
   4.33385086       44.0000000    
   4.33168411       45.0000000    
   4.32956362       46.0000000    
   4.32687950       47.0000000    
   4.32397461       48.0000000    
   4.32010698       49.0000000    
   4.31596756       50.0000000    
   4.31094599       51.0000000    
   4.30537653       52.0000000    
   4.30036879       53.0000000    
   4.29530478       54.0000000    
   4.29032040       55.0000000    
   4.28554440       56.0000000    
   4.28091526       57.0000000    
   4.27671385       58.0000000    
   4.27263832       59.0000000    
   4.26873779       60.0000000    
   4.26549006       61.0000000    
   4.26230621       62.0000000    
   4.25988531       63.0000000    
   4.25759220       64.0000000    
   4.25567627       65.0000000    
   4.25416136       66.0000000    
   4.25306749       67.0000000    
   4.25216818       68.0000000    
   4.25171661       69.0000000    
   4.21997309       70.0000000    
   4.22090960       71.0000000    
   4.22195721       72.0000000    
   4.22300243       73.0000000    
   4.22438574       74.0000000    
   4.22565460       75.0000000    
   4.22714901       76.0000000    
   4.22875595       77.0000000    
   4.23036242       78.0000000    
   4.23219395       79.0000000    
   4.23391151       80.0000000    
   4.23585558       81.0000000    
   4.23779774       82.0000000    
   4.23985338       83.0000000    
   4.24179459       84.0000000    
   4.24396086       85.0000000    
   4.24612665       86.0000000    
   4.24829102       87.0000000    
   4.25056744       88.0000000    
   4.25272989       89.0000000    
   4.25511646       90.0000000    
   4.25738907       91.0000000    
   4.25977373       92.0000000    
   4.26215649       93.0000000    
   4.26453781       94.0000000    
   4.26719713       95.0000000    
   4.27231550       96.0000000    
   4.27738571       97.0000000    
   4.28213692       98.0000000    
   4.28711033       99.0000000    
   4.29203320       100.000000    
   4.29716825       101.000000    
   4.30199051       102.000000    
   4.30676365       103.000000    
   4.31148767       104.000000    
   4.31641245       105.000000    
   4.32103586       106.000000    
   4.32585478       107.000000    
   4.33061981       108.000000    
   4.33509207       109.000000    
   4.33975267       110.000000    
   4.34435892       111.000000    
   4.34891224       112.000000    
   4.35318661       113.000000    
   4.35763741       114.000000    
   4.36203527       115.000000    
   4.36638117       116.000000    
   4.37067604       117.000000    
   4.37491941       118.000000    
   4.37911177       119.000000    
   4.38325405       120.000000    
   4.38714457       121.000000    
   4.39119053       122.000000    
   4.39518690       123.000000    
   4.39913607       124.000000    
   4.40303659       125.000000    
   4.40688944       126.000000    
   4.41069603       127.000000    
   4.41445589       128.000000    
   4.41817093       129.000000    
   4.42184067       130.000000    
   4.42546654       131.000000    
   4.42904854       132.000000    
   4.43258810       133.000000    
   4.43608379       134.000000    
   4.43953896       135.000000    
   4.44295263       136.000000    
   4.44632673       137.000000    
   4.44966078       138.000000    
   4.45295620       139.000000    
   4.45621347       140.000000    
   4.45943356       141.000000    
   4.46276331       142.000000    
   4.46613312       143.000000    
   4.46944857       144.000000    
   4.47271013       145.000000    
   4.47591972       146.000000    
   4.47908068       147.000000    
   4.48219347       148.000000    
   4.48525906       149.000000    
   4.48828125       150.000000    
