   2.00000009E-03   0.00000000    
   2.00000009E-03   1.00000000    
   2.00000009E-03   2.00000000    
   2.00000009E-03   3.00000000    
   2.00000009E-03   4.00000000    
   2.00000009E-03   5.00000000    
   2.00000009E-03   6.00000000    
   2.00000009E-03   7.00000000    
   2.00000009E-03   8.00000000    
   2.00000009E-03   9.00000000    
   2.00000009E-03   10.0000000    
   2.00000009E-03   11.0000000    
   2.00000009E-03   12.0000000    
   2.00000009E-03   13.0000000    
   2.00000009E-03   14.0000000    
   2.00000009E-03   15.0000000    
   2.00000009E-03   16.0000000    
   2.00000009E-03   17.0000000    
   2.00000009E-03   18.0000000    
   2.00000009E-03   19.0000000    
   2.00000009E-03   20.0000000    
   2.00000009E-03   21.0000000    
   2.00000009E-03   22.0000000    
   2.00000009E-03   23.0000000    
   2.00000009E-03   24.0000000    
   2.00000009E-03   25.0000000    
   2.00000009E-03   26.0000000    
   2.00000009E-03   27.0000000    
   2.00000009E-03   28.0000000    
   2.00000009E-03   29.0000000    
   2.00000009E-03   30.0000000    
   2.00000009E-03   31.0000000    
   2.00000009E-03   32.0000000    
   2.00000009E-03   33.0000000    
   2.00000009E-03   34.0000000    
   2.00000009E-03   35.0000000    
   2.00000009E-03   36.0000000    
   2.00000009E-03   37.0000000    
   2.00000009E-03   38.0000000    
   2.00000009E-03   39.0000000    
   2.00000009E-03   40.0000000    
   2.37978320E-03   41.0000000    
   3.68147460E-03   42.0000000    
   5.08247130E-03   43.0000000    
   6.67808950E-03   44.0000000    
   8.33633449E-03   45.0000000    
   9.92376544E-03   46.0000000    
   1.15890261E-02   47.0000000    
   1.30210929E-02   48.0000000    
   1.44738322E-02   49.0000000    
   1.51223605E-02   50.0000000    
   1.55969895E-02   51.0000000    
   1.60435103E-02   52.0000000    
   1.64532103E-02   53.0000000    
   1.68331657E-02   54.0000000    
   1.71827804E-02   55.0000000    
   1.75016373E-02   56.0000000    
   1.77973062E-02   57.0000000    
   1.80615932E-02   58.0000000    
   1.83102489E-02   59.0000000    
   1.85431261E-02   60.0000000    
   1.87441781E-02   61.0000000    
   1.89372711E-02   62.0000000    
   1.90983862E-02   63.0000000    
   1.92514770E-02   64.0000000    
   1.93885248E-02   65.0000000    
   1.95095111E-02   66.0000000    
   1.96144190E-02   67.0000000    
   1.97112616E-02   68.0000000    
   1.97920427E-02   69.0000000    
   1.98567696E-02   70.0000000    
   1.99134462E-02   71.0000000    
   1.99620705E-02   72.0000000    
   2.00106725E-02   73.0000000    
   2.00352389E-02   74.0000000    
   2.00677961E-02   75.0000000    
   2.00843439E-02   76.0000000    
   2.00928822E-02   77.0000000    
   2.01014150E-02   78.0000000    
   2.00939979E-02   79.0000000    
   2.00945530E-02   80.0000000    
   2.00791862E-02   81.0000000    
   2.00638250E-02   82.0000000    
   2.00405214E-02   83.0000000    
   2.00251862E-02   84.0000000    
   1.99939758E-02   85.0000000    
   1.99627951E-02   86.0000000    
   1.99316368E-02   87.0000000    
   1.98925789E-02   88.0000000    
   1.98614970E-02   89.0000000    
   1.98145919E-02   90.0000000    
   1.97756588E-02   91.0000000    
   1.97288375E-02   92.0000000    
   1.96820926E-02   93.0000000    
   1.96031686E-02   94.0000000    
   1.92874502E-02   95.0000000    
   1.89478565E-02   96.0000000    
   1.86078437E-02   97.0000000    
   1.82913188E-02   98.0000000    
   1.79510415E-02   99.0000000    
   1.76109206E-02   100.000000    
   1.72469430E-02   101.000000    
   1.69074554E-02   102.000000    
   1.65685993E-02   103.000000    
   1.62305813E-02   104.000000    
   1.58692747E-02   105.000000    
   1.55334305E-02   106.000000    
   1.51746608E-02   107.000000    
   1.48174725E-02   108.000000    
   1.44863436E-02   109.000000    
   1.41328946E-02   110.000000    
   1.37816314E-02   111.000000    
   1.34327263E-02   112.000000    
   1.31105371E-02   113.000000    
   1.27669815E-02   114.000000    
   1.24264006E-02   115.000000    
   1.20890168E-02   116.000000    
   1.17549878E-02   117.000000    
   1.14245070E-02   118.000000    
   1.10977832E-02   119.000000    
   1.07749291E-02   120.000000    
   1.04791783E-02   121.000000    
   1.01644620E-02   122.000000    
   9.85412486E-03   123.000000    
   9.54829063E-03   124.000000    
   9.24713351E-03   125.000000    
   8.95079412E-03   126.000000    
   8.65934603E-03   127.000000    
   8.37296434E-03   128.000000    
   8.09172355E-03   129.000000    
   7.81575684E-03   130.000000    
   7.54513033E-03   131.000000    
   7.27993203E-03   132.000000    
   7.02025602E-03   133.000000    
   6.71773776E-03   134.000000    
   6.40050648E-03   135.000000    
   6.09489391E-03   136.000000    
   5.80067514E-03   137.000000    
   5.51765785E-03   138.000000    
   5.24561573E-03   139.000000    
   4.98429406E-03   140.000000    
   4.73349961E-03   141.000000    
   4.49295389E-03   142.000000    
   4.26243758E-03   143.000000    
   4.04168991E-03   144.000000    
   3.83045245E-03   145.000000    
   3.62846418E-03   146.000000    
   3.43551324E-03   147.000000    
   3.25126736E-03   148.000000    
   3.07551119E-03   149.000000    
   2.90798675E-03   150.000000    
