0 0
40.12 1
80.24 2
120.15 3
159.96 4
199.56 5
238.73 6
277.89 7
316.18 8
354.44 9
391.97 10
429.06 11
465.75 12
501.43 13
537.1 14
571.24 15
605.28 16
638.25 17
670.47 18
702.21 19
732.5 20
762.7 21
791.1 22
819.3 23
846.4 24
872.4 25
898.1 26
922 27
945.9 28
968 29
989.8 30
1010.5 31
1030.2 32
1049.5 33
1067.2 34
1084.8 35
1100.9 36
1116.6 37
1131.5 38
1145.4 39
1159.1 40
1171.3 41
1183.6 42
1194.5 43
1205.2 44
1215.3 45
1224.5 46
1233.7 47
1241.7 48
1249.7 49
1256.8 50
1263.7 51
1270.2 52
1276.2 53
1281.8 54
1287 55
1291.8 56
1296.3 57
1300.4 58
1304.3 59
1308 60
1311.3 61
1314.5 62
1317.3 63
1320 64
1322.5 65
1324.8 66
1326.9 67
1328.9 68
1330.7 69
1332.3 70
1333.8 71
1335.2 72
1336.6 73
1337.7 74
1338.9 75
1339.9 76
1340.8 77
1341.7 78
1342.4 79
1343.2 80
1343.8 81
1344.4 82
1344.9 83
1345.5 84
1345.9 85
1346.3 86
1346.7 87
1347 88
1347.4 89
1347.6 90
1347.9 91
1348.1 92
1348.3 93
1348.5 94
1348.7 95
1348.8 96
1348.9 97
1349.1 98
1349.2 99
1349.3 100
1349.3 101
1349.4 102
1349.5 103
1349.6 104
1349.6 105
1349.7 106
1349.7 107
1349.7 108
1349.8 109
1349.8 110
1349.8 111
1349.8 112
1349.9 113
1349.9 114
1349.9 115
1349.9 116
1349.9 117
1349.9 118
1349.9 119
1349.9 120
1350 121
1350 122
1350 123
1350 124
1350 125
1350 126
1350 127
1350 128
1350 129
1350 130
1350 131
1350 132
1350 133
1350 134
1350 135
1350 136
1350 137
1350 138
1350 139
1350 140
1350 141
1350 142
1350 143
1350 144
1350 145
1350 146
1350 147
1350 148
1350 149
1350 150
