   4.58775663       0.00000000    
   4.57505798       1.00000000    
   4.56232357       2.00000000    
   4.54963017       3.00000000    
   4.53693819       4.00000000    
   4.52428675       5.00000000    
   4.51175833       6.00000000    
   4.49919844       7.00000000    
   4.48692417       8.00000000    
   4.47462845       9.00000000    
   4.46256971       10.0000000    
   4.45064163       11.0000000    
   4.43883085       12.0000000    
   4.42736769       13.0000000    
   4.41587734       14.0000000    
   4.40493298       15.0000000    
   4.39399958       16.0000000    
   4.38344288       17.0000000    
   4.37314606       18.0000000    
   4.36300564       19.0000000    
   4.35339451       20.0000000    
   4.34379625       21.0000000    
   4.33486509       22.0000000    
   4.32599258       23.0000000    
   4.31752348       24.0000000    
   4.30946112       25.0000000    
   4.30149889       26.0000000    
   4.29421711       27.0000000    
   4.28692293       28.0000000    
   4.28031301       29.0000000    
   4.27380896       30.0000000    
   4.26772308       31.0000000    
   4.26201677       32.0000000    
   4.25645828       33.0000000    
   4.25151730       34.0000000    
   4.24660873       35.0000000    
   4.24226189       36.0000000    
   4.23804569       37.0000000    
   4.23413324       38.0000000    
   4.23060608       39.0000000    
   4.22714710       40.0000000    
   4.22427225       41.0000000    
   4.22134161       42.0000000    
   4.21894741       43.0000000    
   4.21649456       44.0000000    
   4.21407938       45.0000000    
   4.21177006       46.0000000    
   4.20898962       47.0000000    
   4.20611382       48.0000000    
   4.20244122       49.0000000    
   4.19862032       50.0000000    
   4.19408751       51.0000000    
   4.18913937       52.0000000    
   4.18470716       53.0000000    
   4.18026257       54.0000000    
   4.17591667       55.0000000    
   4.17177629       56.0000000    
   4.16778135       57.0000000    
   4.16417408       58.0000000    
   4.16068745       59.0000000    
   4.15736151       60.0000000    
   4.15461111       61.0000000    
   4.15192127       62.0000000    
   4.14990091       63.0000000    
   4.14799547       64.0000000    
   4.14642143       65.0000000    
   4.14519882       66.0000000    
   4.14434528       67.0000000    
   4.14366198       68.0000000    
   4.14337111       69.0000000    
   4.11504030       70.0000000    
   4.11598444       71.0000000    
   4.11702394       72.0000000    
   4.11806154       73.0000000    
   4.11938524       74.0000000    
   4.12061310       75.0000000    
   4.12203169       76.0000000    
   4.12354612       77.0000000    
   4.12505865       78.0000000    
   4.12676334       79.0000000    
   4.12837124       80.0000000    
   4.13016939       81.0000000    
   4.13196707       82.0000000    
   4.13385916       83.0000000    
   4.13565540       84.0000000    
   4.13764143       85.0000000    
   4.13962746       86.0000000    
   4.14161110       87.0000000    
   4.14369011       88.0000000    
   4.14567184       89.0000000    
   4.14784336       90.0000000    
   4.14991808       91.0000000    
   4.15208673       92.0000000    
   4.15425396       93.0000000    
   4.15641928       94.0000000    
   4.15883446       95.0000000    
   4.16344500       96.0000000    
   4.16800547       97.0000000    
   4.17228270       98.0000000    
   4.17674685       99.0000000    
   4.18116283       100.000000    
   4.18575478       101.000000    
   4.19006968       102.000000    
   4.19433594       103.000000    
   4.19855452       104.000000    
   4.20293999       105.000000    
   4.20705986       106.000000    
   4.21134281       107.000000    
   4.21557283       108.000000    
   4.21954536       109.000000    
   4.22367382       110.000000    
   4.22775078       111.000000    
   4.23177671       112.000000    
   4.23555851       113.000000    
   4.23948669       114.000000    
   4.24336433       115.000000    
   4.24719286       116.000000    
   4.25097227       117.000000    
   4.25470352       118.000000    
   4.25838709       119.000000    
   4.26202345       120.000000    
   4.26544237       121.000000    
   4.26898861       122.000000    
   4.27249002       123.000000    
   4.27594566       124.000000    
   4.27935791       125.000000    
   4.28272676       126.000000    
   4.28605223       127.000000    
   4.28933525       128.000000    
   4.29257727       129.000000    
   4.29577827       130.000000    
   4.29893923       131.000000    
   4.30206108       132.000000    
   4.30514383       133.000000    
   4.30818939       134.000000    
   4.31119728       135.000000    
   4.31416893       136.000000    
   4.31710482       137.000000    
   4.32000637       138.000000    
   4.32287312       139.000000    
   4.32570601       140.000000    
   4.32850742       141.000000    
   4.33138418       142.000000    
   4.33428526       143.000000    
   4.33713961       144.000000    
   4.33995056       145.000000    
   4.34271812       146.000000    
   4.34544516       147.000000    
   4.34813166       148.000000    
   4.35078144       149.000000    
   4.35339403       150.000000    
