2.968 1.030 1.500 0.000 0.000
0.800 2.263 2.548 1.020 151.358
1.600 2.458 5.033 2.657 169.08
5.044 3.066 6.880 3.957 223.718
9.588 3.293 7.532 4.385 347.174
10.000 3.301 7.360 4.294 470.555
10.000 3.308 7.264 4.247 112.295
10.000 3.312 7.222 4.228 77.93
10.000 3.320 7.204 4.215 49.0857
10.000 3.314 7.185 4.196 43.5702
10.000 3.305 7.165 4.174 42.3454
10.000 3.298 7.152 4.157 42.9536
20.000 3.333 7.183 4.169 46.5647
20.000 3.331 7.306 4.237 61.7017
20.000 3.330 7.419 4.302 96.6699
20.000 3.331 7.508 4.354 185.317
20.000 3.371 7.570 4.390 204.265
20.000 3.390 8.189 4.425 190.197
20.000 3.398 8.316 4.438 161.444
20.000 3.404 8.423 4.474 133.538
30.000 3.421 8.531 4.514 112.06
30.000 3.419 8.636 4.573 102.403