   0.00000000       0.00000000    
   0.00000000       9.89333391E-02
   0.00000000      0.197866678    
   0.00000000      0.296799988    
   0.00000000      0.395733356    
   0.00000000      0.494666666    
   0.00000000      0.593599975    
   0.00000000      0.692533314    
   0.00000000      0.791466713    
   0.00000000      0.890399992    
   0.00000000      0.989333332    
   0.00000000       1.08826661    
   0.00000000       1.18719995    
   0.00000000       1.28613329    
   0.00000000       1.38506663    
   0.00000000       1.48399997    
   0.00000000       1.58293343    
   0.00000000       1.68186665    
   0.00000000       1.78079998    
   0.00000000       1.87973332    
   0.00000000       1.97866666    
   0.00000000       2.07760000    
   0.00000000       2.17653322    
   0.00000000       2.27546668    
   0.00000000       2.37439990    
   0.00000000       2.47333312    
   0.00000000       2.57226658    
   0.00000000       2.67119980    
   0.00000000       2.77013326    
   0.00000000       2.86906648    
   0.00000000       2.96799994    
   1.01999998       2.96799994    
   1.01999998       2.99466658    
   1.01999998       3.02133322    
   1.01999998       3.04799986    
   1.01999998       3.07466650    
   1.01999998       3.10133338    
   1.01999998       3.12800002    
   1.01999998       3.15466666    
   1.01999998       3.18133330    
   1.01999998       3.20799994    
   1.01999998       3.23466659    
   1.01999998       3.26133323    
   1.01999998       3.28799987    
   1.01999998       3.31466651    
   1.01999998       3.34133339    
   1.01999998       3.36800003    
   1.01999998       3.39466667    
   1.01999998       3.42133331    
   1.01999998       3.44799995    
   1.01999998       3.47466660    
   1.01999998       3.50133324    
   1.01999998       3.52799988    
   1.01999998       3.55466652    
   1.01999998       3.58133316    
   1.01999998       3.60800004    
   1.01999998       3.63466668    
   1.01999998       3.66133332    
   1.01999998       3.68799996    
   1.01999998       3.71466660    
   1.01999998       3.74133325    
   1.01999998       3.76799989    
   2.65700006       3.76799989    
   2.65700006       3.82133317    
   2.65700006       3.87466645    
   2.65700006       3.92799997    
   2.65700006       3.98133326    
   2.65700006       4.03466654    
   2.65700006       4.08799982    
   2.65700006       4.14133310    
   2.65700006       4.19466639    
   2.65700006       4.24800014    
   2.65700006       4.30133343    
   2.65700006       4.35466671    
   2.65700006       4.40799999    
   2.65700006       4.46133327    
   2.65700006       4.51466656    
   2.65700006       4.56799984    
   2.65700006       4.62133312    
   2.65700006       4.67466640    
   2.65700006       4.72799969    
   2.65700006       4.78133297    
   2.65700006       4.83466673    
   2.65700006       4.88800001    
   2.65700006       4.94133329    
   2.65700006       4.99466658    
   2.65700006       5.04799986    
   2.65700006       5.10133314    
   2.65700006       5.15466642    
   2.65700006       5.20799971    
   2.65700006       5.26133347    
   2.65700006       5.31466675    
   2.65700006       5.36800003    
   3.95700002       5.36800003    
   3.95700002       5.53613329    
   3.95700002       5.70426655    
   3.95700002       5.87240028    
   3.95700002       6.04053354    
   3.95700002       6.20866680    
   3.95700002       6.37680006    
   3.95700002       6.54493332    
   3.95700002       6.71306705    
   3.95700002       6.88120031    
   3.95700002       7.04933357    
   3.95700002       7.21746683    
   3.95700002       7.38560009    
   3.95700002       7.55373335    
   3.95700002       7.72186661    
   3.95700002       7.89000034    
   3.95700002       8.05813408    
   3.95700002       8.22626686    
   3.95700002       8.39440060    
   3.95700002       8.56253338    
   3.95700002       8.73066711    
   3.95700002       8.89879990    
   3.95700002       9.06693363    
   3.95700002       9.23506641    
   3.95700002       9.40320015    
   3.95700002       9.57133293    
   3.95700002       9.73946667    
   3.95700002       9.90760040    
   3.95700002       10.0757332    
   3.95700002       10.2438669    
   3.95700002       10.4120007    
   4.38500023       10.4120007    
   4.38500023       10.7316008    
   4.38500023       11.0512009    
   4.38500023       11.3708010    
   4.38500023       11.6904011    
   4.38500023       12.0100002    
   4.38500023       12.3296003    
   4.38500023       12.6492004    
   4.38500023       12.9688005    
   4.38500023       13.2884007    
   4.38500023       13.6080008    
   4.38500023       13.9276009    
   4.38500023       14.2472010    
   4.38500023       14.5668011    
   4.38500023       14.8864002    
   4.38500023       15.2060013    
   4.38500023       15.5256004    
   4.38500023       15.8452015    
   4.38500023       16.1648006    
   4.38500023       16.4844017    
   4.38500023       16.8040009    
   4.38500023       17.1236000    
   4.38500023       17.4432011    
   4.38500023       17.7628002    
   4.38500023       18.0824013    
   4.38500023       18.4020004    
   4.38500023       18.7215996    
   4.38500023       19.0412006    
   4.38500023       19.3608017    
   4.38500023       19.6804008    
   4.38500023       20.0000000    
   4.29400015       20.0000000    
   4.29400015       20.3333340    
   4.29400015       20.6666660    
   4.29400015       21.0000000    
   4.29400015       21.3333340    
   4.29400015       21.6666660    
   4.29400015       22.0000000    
   4.29400015       22.3333340    
   4.29400015       22.6666660    
   4.29400015       23.0000000    
   4.29400015       23.3333340    
   4.29400015       23.6666660    
   4.29400015       24.0000000    
   4.29400015       24.3333340    
   4.29400015       24.6666660    
   4.29400015       25.0000000    
   4.29400015       25.3333340    
   4.29400015       25.6666660    
   4.29400015       26.0000000    
   4.29400015       26.3333321    
   4.29400015       26.6666679    
   4.29400015       27.0000000    
   4.29400015       27.3333340    
   4.29400015       27.6666660    
   4.29400015       28.0000000    
   4.29400015       28.3333321    
   4.29400015       28.6666679    
   4.29400015       29.0000000    
   4.29400015       29.3333321    
   4.29400015       29.6666660    
   4.29400015       30.0000000    
   4.24700022       30.0000000    
   4.24700022       30.3333340    
   4.24700022       30.6666660    
   4.24700022       31.0000000    
   4.24700022       31.3333340    
   4.24700022       31.6666660    
   4.24700022       32.0000000    
   4.24700022       32.3333321    
   4.24700022       32.6666679    
   4.24700022       33.0000000    
   4.24700022       33.3333321    
   4.24700022       33.6666679    
   4.24700022       34.0000000    
   4.24700022       34.3333321    
   4.24700022       34.6666679    
   4.24700022       35.0000000    
   4.24700022       35.3333321    
   4.24700022       35.6666679    
   4.24700022       36.0000000    
   4.24700022       36.3333321    
   4.24700022       36.6666679    
   4.24700022       37.0000000    
   4.24700022       37.3333321    
   4.24700022       37.6666679    
   4.24700022       38.0000000    
   4.24700022       38.3333321    
   4.24700022       38.6666679    
   4.24700022       39.0000000    
   4.24700022       39.3333321    
   4.24700022       39.6666641    
   4.24700022       40.0000000    
   4.22800016       40.0000000    
   4.22800016       40.3333321    
   4.22800016       40.6666679    
   4.22800016       41.0000000    
   4.22800016       41.3333321    
   4.22800016       41.6666679    
   4.22800016       42.0000000    
   4.22800016       42.3333321    
   4.22800016       42.6666679    
   4.22800016       43.0000000    
   4.22800016       43.3333321    
   4.22800016       43.6666679    
   4.22800016       44.0000000    
   4.22800016       44.3333321    
   4.22800016       44.6666679    
   4.22800016       45.0000000    
   4.22800016       45.3333321    
   4.22800016       45.6666679    
   4.22800016       46.0000000    
   4.22800016       46.3333321    
   4.22800016       46.6666679    
   4.22800016       47.0000000    
   4.22800016       47.3333321    
   4.22800016       47.6666679    
   4.22800016       48.0000000    
   4.22800016       48.3333321    
   4.22800016       48.6666679    
   4.22800016       49.0000000    
   4.22800016       49.3333321    
   4.22800016       49.6666641    
   4.22800016       50.0000000    
   4.21500015       50.0000000    
   4.21500015       50.3333321    
   4.21500015       50.6666679    
   4.21500015       51.0000000    
   4.21500015       51.3333321    
   4.21500015       51.6666679    
   4.21500015       52.0000000    
   4.21500015       52.3333321    
   4.21500015       52.6666679    
   4.21500015       53.0000000    
   4.21500015       53.3333321    
   4.21500015       53.6666679    
   4.21500015       54.0000000    
   4.21500015       54.3333321    
   4.21500015       54.6666679    
   4.21500015       55.0000000    
   4.21500015       55.3333321    
   4.21500015       55.6666679    
   4.21500015       56.0000000    
   4.21500015       56.3333321    
   4.21500015       56.6666679    
   4.21500015       57.0000000    
   4.21500015       57.3333321    
   4.21500015       57.6666679    
   4.21500015       58.0000000    
   4.21500015       58.3333321    
   4.21500015       58.6666679    
   4.21500015       59.0000000    
   4.21500015       59.3333321    
   4.21500015       59.6666641    
   4.21500015       60.0000000    
   4.19600010       60.0000000    
   4.19600010       60.3333321    
   4.19600010       60.6666679    
   4.19600010       61.0000000    
   4.19600010       61.3333321    
   4.19600010       61.6666679    
   4.19600010       62.0000000    
   4.19600010       62.3333321    
   4.19600010       62.6666679    
   4.19600010       63.0000000    
   4.19600010       63.3333321    
   4.19600010       63.6666679    
   4.19600010       64.0000000    
   4.19600010       64.3333359    
   4.19600010       64.6666641    
   4.19600010       65.0000000    
   4.19600010       65.3333359    
   4.19600010       65.6666641    
   4.19600010       66.0000000    
   4.19600010       66.3333359    
   4.19600010       66.6666641    
   4.19600010       67.0000000    
   4.19600010       67.3333359    
   4.19600010       67.6666641    
   4.19600010       68.0000000    
   4.19600010       68.3333359    
   4.19600010       68.6666641    
   4.19600010       69.0000000    
   4.19600010       69.3333359    
   4.19600010       69.6666641    
   4.19600010       70.0000000    
   4.17399979       70.0000000    
   4.17399979       70.3333359    
   4.17399979       70.6666641    
   4.17399979       71.0000000    
   4.17399979       71.3333359    
   4.17399979       71.6666641    
   4.17399979       72.0000000    
   4.17399979       72.3333359    
   4.17399979       72.6666641    
   4.17399979       73.0000000    
   4.17399979       73.3333359    
   4.17399979       73.6666641    
   4.17399979       74.0000000    
   4.17399979       74.3333359    
   4.17399979       74.6666641    
   4.17399979       75.0000000    
   4.17399979       75.3333359    
   4.17399979       75.6666641    
   4.17399979       76.0000000    
   4.17399979       76.3333359    
   4.17399979       76.6666641    
   4.17399979       77.0000000    
   4.17399979       77.3333359    
   4.17399979       77.6666641    
   4.17399979       78.0000000    
   4.17399979       78.3333359    
   4.17399979       78.6666641    
   4.17399979       79.0000000    
   4.17399979       79.3333359    
   4.17399979       79.6666641    
   4.17399979       80.0000000    
   4.15700006       80.0000000    
   4.15700006       80.3333359    
   4.15700006       80.6666641    
   4.15700006       81.0000000    
   4.15700006       81.3333359    
   4.15700006       81.6666641    
   4.15700006       82.0000000    
   4.15700006       82.3333359    
   4.15700006       82.6666641    
   4.15700006       83.0000000    
   4.15700006       83.3333359    
   4.15700006       83.6666641    
   4.15700006       84.0000000    
   4.15700006       84.3333359    
   4.15700006       84.6666641    
   4.15700006       85.0000000    
   4.15700006       85.3333359    
   4.15700006       85.6666641    
   4.15700006       86.0000000    
   4.15700006       86.3333359    
   4.15700006       86.6666641    
   4.15700006       87.0000000    
   4.15700006       87.3333359    
   4.15700006       87.6666641    
   4.15700006       88.0000000    
   4.15700006       88.3333359    
   4.15700006       88.6666641    
   4.15700006       89.0000000    
   4.15700006       89.3333359    
   4.15700006       89.6666641    
   4.15700006       90.0000000    
   4.16900015       90.0000000    
   4.16900015       90.6666641    
   4.16900015       91.3333359    
   4.16900015       92.0000000    
   4.16900015       92.6666641    
   4.16900015       93.3333359    
   4.16900015       94.0000000    
   4.16900015       94.6666641    
   4.16900015       95.3333359    
   4.16900015       96.0000000    
   4.16900015       96.6666641    
   4.16900015       97.3333359    
   4.16900015       98.0000000    
   4.16900015       98.6666641    
   4.16900015       99.3333359    
   4.16900015       100.000000    
   4.16900015       100.666664    
   4.16900015       101.333336    
   4.16900015       102.000000    
   4.16900015       102.666664    
   4.16900015       103.333336    
   4.16900015       104.000000    
   4.16900015       104.666664    
   4.16900015       105.333336    
   4.16900015       106.000000    
   4.16900015       106.666664    
   4.16900015       107.333336    
   4.16900015       108.000000    
   4.16900015       108.666664    
   4.16900015       109.333328    
   4.16900015       110.000000    
   4.23699999       110.000000    
   4.23699999       110.666664    
   4.23699999       111.333336    
   4.23699999       112.000000    
   4.23699999       112.666664    
   4.23699999       113.333336    
   4.23699999       114.000000    
   4.23699999       114.666664    
   4.23699999       115.333336    
   4.23699999       116.000000    
   4.23699999       116.666664    
   4.23699999       117.333336    
   4.23699999       118.000000    
   4.23699999       118.666664    
   4.23699999       119.333336    
   4.23699999       120.000000    
   4.23699999       120.666664    
   4.23699999       121.333336    
   4.23699999       122.000000    
   4.23699999       122.666664    
   4.23699999       123.333336    
   4.23699999       124.000000    
   4.23699999       124.666664    
   4.23699999       125.333336    
   4.23699999       126.000000    
   4.23699999       126.666664    
   4.23699999       127.333336    
   4.23699999       128.000000    
   4.23699999       128.666672    
   4.23699999       129.333328    
   4.23699999       130.000000    
   4.30200005       130.000000    
   4.30200005       130.666672    
   4.30200005       131.333328    
   4.30200005       132.000000    
   4.30200005       132.666672    
   4.30200005       133.333328    
   4.30200005       134.000000    
   4.30200005       134.666672    
   4.30200005       135.333328    
   4.30200005       136.000000    
   4.30200005       136.666672    
   4.30200005       137.333328    
   4.30200005       138.000000    
   4.30200005       138.666672    
   4.30200005       139.333328    
   4.30200005       140.000000    
   4.30200005       140.666672    
   4.30200005       141.333328    
   4.30200005       142.000000    
   4.30200005       142.666672    
   4.30200005       143.333328    
   4.30200005       144.000000    
   4.30200005       144.666672    
   4.30200005       145.333328    
   4.30200005       146.000000    
   4.30200005       146.666672    
   4.30200005       147.333328    
   4.30200005       148.000000    
   4.30200005       148.666672    
   4.30200005       149.333328    
   4.30200005       150.000000    
   4.35400009       150.000000    
   4.35400009       150.666672    
   4.35400009       151.333328    
   4.35400009       152.000000    
   4.35400009       152.666672    
   4.35400009       153.333328    
   4.35400009       154.000000    
   4.35400009       154.666672    
   4.35400009       155.333328    
   4.35400009       156.000000    
   4.35400009       156.666672    
   4.35400009       157.333328    
   4.35400009       158.000000    
   4.35400009       158.666672    
   4.35400009       159.333328    
   4.35400009       160.000000    
   4.35400009       160.666672    
   4.35400009       161.333328    
   4.35400009       162.000000    
   4.35400009       162.666672    
   4.35400009       163.333328    
   4.35400009       164.000000    
   4.35400009       164.666672    
   4.35400009       165.333328    
   4.35400009       166.000000    
   4.35400009       166.666672    
   4.35400009       167.333328    
   4.35400009       168.000000    
   4.35400009       168.666672    
   4.35400009       169.333328    
   4.35400009       170.000000    
   4.38999987       170.000000    
   4.38999987       170.666672    
   4.38999987       171.333328    
   4.38999987       172.000000    
   4.38999987       172.666672    
   4.38999987       173.333328    
   4.38999987       174.000000    
   4.38999987       174.666672    
   4.38999987       175.333328    
   4.38999987       176.000000    
   4.38999987       176.666672    
   4.38999987       177.333328    
   4.38999987       178.000000    
   4.38999987       178.666672    
   4.38999987       179.333328    
   4.38999987       180.000000    
   4.38999987       180.666672    
   4.38999987       181.333328    
   4.38999987       182.000000    
   4.38999987       182.666672    
   4.38999987       183.333328    
   4.38999987       184.000000    
   4.38999987       184.666672    
   4.38999987       185.333328    
   4.38999987       186.000000    
   4.38999987       186.666672    
   4.38999987       187.333328    
   4.38999987       188.000000    
   4.38999987       188.666672    
   4.38999987       189.333328    
   4.38999987       190.000000    
   4.42500019       190.000000    
   4.42500019       190.666672    
   4.42500019       191.333328    
   4.42500019       192.000000    
   4.42500019       192.666672    
   4.42500019       193.333328    
   4.42500019       194.000000    
   4.42500019       194.666672    
   4.42500019       195.333328    
   4.42500019       196.000000    
   4.42500019       196.666672    
   4.42500019       197.333328    
   4.42500019       198.000000    
   4.42500019       198.666672    
   4.42500019       199.333328    
   4.42500019       200.000000    
   4.42500019       200.666672    
   4.42500019       201.333328    
   4.42500019       202.000000    
   4.42500019       202.666672    
   4.42500019       203.333328    
   4.42500019       204.000000    
   4.42500019       204.666672    
   4.42500019       205.333328    
   4.42500019       206.000000    
   4.42500019       206.666672    
   4.42500019       207.333328    
   4.42500019       208.000000    
   4.42500019       208.666672    
   4.42500019       209.333328    
   4.42500019       210.000000    
   4.43800020       210.000000    
   4.43800020       210.666672    
   4.43800020       211.333328    
   4.43800020       212.000000    
   4.43800020       212.666672    
   4.43800020       213.333328    
   4.43800020       214.000000    
   4.43800020       214.666672    
   4.43800020       215.333328    
   4.43800020       216.000000    
   4.43800020       216.666672    
   4.43800020       217.333328    
   4.43800020       218.000000    
   4.43800020       218.666672    
   4.43800020       219.333328    
   4.43800020       220.000000    
   4.43800020       220.666672    
   4.43800020       221.333328    
   4.43800020       222.000000    
   4.43800020       222.666672    
   4.43800020       223.333328    
   4.43800020       224.000000    
   4.43800020       224.666672    
   4.43800020       225.333328    
   4.43800020       226.000000    
   4.43800020       226.666672    
   4.43800020       227.333328    
   4.43800020       228.000000    
   4.43800020       228.666672    
   4.43800020       229.333328    
   4.43800020       230.000000    
   4.47399998       230.000000    
   4.47399998       230.666672    
   4.47399998       231.333328    
   4.47399998       232.000000    
   4.47399998       232.666672    
   4.47399998       233.333328    
   4.47399998       234.000000    
   4.47399998       234.666672    
   4.47399998       235.333328    
   4.47399998       236.000000    
   4.47399998       236.666672    
   4.47399998       237.333328    
   4.47399998       238.000000    
   4.47399998       238.666672    
   4.47399998       239.333328    
   4.47399998       240.000000    
   4.47399998       240.666672    
   4.47399998       241.333328    
   4.47399998       242.000000    
   4.47399998       242.666672    
   4.47399998       243.333328    
   4.47399998       244.000000    
   4.47399998       244.666672    
   4.47399998       245.333328    
   4.47399998       246.000000    
   4.47399998       246.666672    
   4.47399998       247.333328    
   4.47399998       248.000000    
   4.47399998       248.666672    
   4.47399998       249.333328    
   4.47399998       250.000000    
   4.51399994       250.000000    
   4.51399994       251.000000    
   4.51399994       252.000000    
   4.51399994       253.000000    
   4.51399994       254.000000    
   4.51399994       255.000000    
   4.51399994       256.000000    
   4.51399994       257.000000    
   4.51399994       258.000000    
   4.51399994       259.000000    
   4.51399994       260.000000    
   4.51399994       261.000000    
   4.51399994       262.000000    
   4.51399994       263.000000    
   4.51399994       264.000000    
   4.51399994       265.000000    
   4.51399994       266.000000    
   4.51399994       267.000000    
   4.51399994       268.000000    
   4.51399994       269.000000    
   4.51399994       270.000000    
   4.51399994       271.000000    
   4.51399994       272.000000    
   4.51399994       273.000000    
   4.51399994       274.000000    
   4.51399994       275.000000    
   4.51399994       276.000000    
   4.51399994       277.000000    
   4.51399994       278.000000    
   4.51399994       279.000000    
   4.51399994       280.000000    
   4.57299995       280.000000    
   4.57299995       281.000000    
   4.57299995       282.000000    
   4.57299995       283.000000    
   4.57299995       284.000000    
   4.57299995       285.000000    
   4.57299995       286.000000    
   4.57299995       287.000000    
   4.57299995       288.000000    
   4.57299995       289.000000    
   4.57299995       290.000000    
   4.57299995       291.000000    
   4.57299995       292.000000    
   4.57299995       293.000000    
   4.57299995       294.000000    
   4.57299995       295.000000    
   4.57299995       296.000000    
   4.57299995       297.000000    
   4.57299995       298.000000    
   4.57299995       299.000000    
   4.57299995       300.000000    
   4.57299995       301.000000    
   4.57299995       302.000000    
   4.57299995       303.000000    
   4.57299995       304.000000    
   4.57299995       305.000000    
   4.57299995       306.000000    
   4.57299995       307.000000    
   4.57299995       308.000000    
   4.57299995       309.000000    
   4.57299995       310.000000    
