   1.99999996E-02   0.00000000    
   1.99999996E-02   1.00000000    
   1.99999996E-02   2.00000000    
   1.99999996E-02   3.00000000    
   1.99999996E-02   4.00000000    
   1.99999996E-02   5.00000000    
   1.99999996E-02   6.00000000    
   1.99999996E-02   7.00000000    
   1.99999996E-02   8.00000000    
   1.99999996E-02   9.00000000    
   1.99999996E-02   10.0000000    
   1.99999996E-02   11.0000000    
   1.99999996E-02   12.0000000    
   1.99999996E-02   13.0000000    
   1.99999996E-02   14.0000000    
   1.99999996E-02   15.0000000    
   1.99999996E-02   16.0000000    
   1.99999996E-02   17.0000000    
   1.99999996E-02   18.0000000    
   1.99999996E-02   19.0000000    
   1.99999996E-02   20.0000000    
   1.99999996E-02   21.0000000    
   1.99999996E-02   22.0000000    
   1.99999996E-02   23.0000000    
   1.99999996E-02   24.0000000    
   1.99999996E-02   25.0000000    
   1.99999996E-02   26.0000000    
   1.99999996E-02   27.0000000    
   1.99999996E-02   28.0000000    
   1.99999996E-02   29.0000000    
   1.99999996E-02   30.0000000    
   1.99999996E-02   31.0000000    
   1.99999996E-02   32.0000000    
   1.99999996E-02   33.0000000    
   1.99999996E-02   34.0000000    
   1.99999996E-02   35.0000000    
   1.99999996E-02   36.0000000    
   1.99999996E-02   37.0000000    
   1.99999996E-02   38.0000000    
   1.99999996E-02   39.0000000    
   1.99999996E-02   40.0000000    
   1.99999996E-02   41.0000000    
   1.99999996E-02   42.0000000    
   1.99999996E-02   43.0000000    
   1.99999996E-02   44.0000000    
   1.99999996E-02   45.0000000    
   1.99999996E-02   46.0000000    
   1.99999996E-02   47.0000000    
   1.99999996E-02   48.0000000    
   1.99999996E-02   49.0000000    
   1.99999996E-02   50.0000000    
   1.99999996E-02   51.0000000    
   1.99999996E-02   52.0000000    
   1.99999996E-02   53.0000000    
   1.99999996E-02   54.0000000    
   1.99999996E-02   55.0000000    
   1.99999996E-02   56.0000000    
   1.99999996E-02   57.0000000    
   1.99999996E-02   58.0000000    
   1.99999996E-02   59.0000000    
   1.99999996E-02   60.0000000    
   1.99999996E-02   61.0000000    
   1.99999996E-02   62.0000000    
   1.99999996E-02   63.0000000    
   1.99999996E-02   64.0000000    
   1.99999996E-02   65.0000000    
   1.99999996E-02   66.0000000    
   1.99999996E-02   67.0000000    
   1.99999996E-02   68.0000000    
  -3.33333351E-02   69.0000000    
   1.06666672       70.0000000    
   1.08333337       71.0000000    
   1.10000002       72.0000000    
   1.11666667       73.0000000    
   1.13333333       74.0000000    
   1.14999998       75.0000000    
   1.16666663       76.0000000    
   1.18333328       77.0000000    
   1.20000005       78.0000000    
   1.21666670       79.0000000    
   1.23333335       80.0000000    
   1.25000000       81.0000000    
   1.26666665       82.0000000    
   1.28333330       83.0000000    
   1.29999995       84.0000000    
   1.31666672       85.0000000    
   1.33333337       86.0000000    
   1.35000002       87.0000000    
   1.36666667       88.0000000    
   1.38333333       89.0000000    
   1.39999998       90.0000000    
   1.41666663       91.0000000    
   1.43333328       92.0000000    
   1.45000005       93.0000000    
   1.46666670       94.0000000    
   1.48333335       95.0000000    
   1.50000000       96.0000000    
   1.51666665       97.0000000    
   1.53333330       98.0000000    
   1.54999995       99.0000000    
   1.56666672       100.000000    
   1.58333337       101.000000    
   1.60000002       102.000000    
   1.61666667       103.000000    
   1.63333333       104.000000    
   1.64999998       105.000000    
   1.66666663       106.000000    
   1.68333328       107.000000    
   1.70000005       108.000000    
   1.71666670       109.000000    
   1.73333335       110.000000    
   1.75000000       111.000000    
   1.76666665       112.000000    
   1.78333330       113.000000    
   1.79999995       114.000000    
   1.81666672       115.000000    
   1.83333337       116.000000    
   1.85000002       117.000000    
   1.86666667       118.000000    
   1.88333333       119.000000    
   1.89999998       120.000000    
   1.91666663       121.000000    
   1.93333328       122.000000    
   1.95000005       123.000000    
   1.96666670       124.000000    
   1.98333335       125.000000    
   2.00000000       126.000000    
   2.01666665       127.000000    
   2.03333330       128.000000    
   2.04999995       129.000000    
   2.06666660       130.000000    
   2.08333325       131.000000    
   2.09999990       132.000000    
   2.11666656       133.000000    
   2.13333344       134.000000    
   2.15000010       135.000000    
   2.16666675       136.000000    
   2.18333340       137.000000    
   2.20000005       138.000000    
   2.21666670       139.000000    
   2.23333335       140.000000    
   2.25000000       141.000000    
   2.26666665       142.000000    
   2.28333330       143.000000    
   2.29999995       144.000000    
   2.31666660       145.000000    
   2.33333325       146.000000    
   2.34999990       147.000000    
   2.36666656       148.000000    
   2.38333344       149.000000    
   1.99999996E-02   150.000000    
   1.99999996E-02   151.000000    
   1.99999996E-02   152.000000    
   1.99999996E-02   153.000000    
   1.99999996E-02   154.000000    
   1.99999996E-02   155.000000    
   1.99999996E-02   156.000000    
   1.99999996E-02   157.000000    
   1.99999996E-02   158.000000    
   1.99999996E-02   159.000000    
   1.99999996E-02   160.000000    
   1.99999996E-02   161.000000    
   1.99999996E-02   162.000000    
   1.99999996E-02   163.000000    
   1.99999996E-02   164.000000    
   1.99999996E-02   165.000000    
   1.99999996E-02   166.000000    
   1.99999996E-02   167.000000    
   1.99999996E-02   168.000000    
   1.99999996E-02   169.000000    
   1.99999996E-02   170.000000    
   1.99999996E-02   171.000000    
   1.99999996E-02   172.000000    
   1.99999996E-02   173.000000    
   1.99999996E-02   174.000000    
   1.99999996E-02   175.000000    
   1.99999996E-02   176.000000    
   1.99999996E-02   177.000000    
   1.99999996E-02   178.000000    
   1.99999996E-02   179.000000    
   1.99999996E-02   180.000000    
   1.99999996E-02   181.000000    
   1.99999996E-02   182.000000    
   1.99999996E-02   183.000000    
   1.99999996E-02   184.000000    
   1.99999996E-02   185.000000    
   1.99999996E-02   186.000000    
   1.99999996E-02   187.000000    
   1.99999996E-02   188.000000    
   1.99999996E-02   189.000000    
   1.99999996E-02   190.000000    
   1.99999996E-02   191.000000    
   1.99999996E-02   192.000000    
   1.99999996E-02   193.000000    
   1.99999996E-02   194.000000    
   1.99999996E-02   195.000000    
   1.99999996E-02   196.000000    
   1.99999996E-02   197.000000    
   1.99999996E-02   198.000000    
   1.99999996E-02   199.000000    
