   4.58775663       0.00000000    
   4.49800110       1.00000000    
   4.42142248       2.00000000    
   4.35832977       3.00000000    
   4.30721235       4.00000000    
   4.26670218       5.00000000    
   4.23594952       6.00000000    
   4.21343470       7.00000000    
   4.19637489       8.00000000    
   4.17356300       9.00000000    
   4.11854696       10.0000000    
   4.07737827       11.0000000    
   4.05268860       12.0000000    
   4.04984760       13.0000000    
   4.04789400       14.0000000    
   4.04647636       15.0000000    
   4.04560232       16.0000000    
   4.04518700       17.0000000    
   4.04523420       18.0000000    
   4.04574871       19.0000000    
   4.04654360       20.0000000    
   4.04743099       21.0000000    
   4.04841232       22.0000000    
   4.04939222       23.0000000    
   4.05046558       24.0000000    
   4.05144310       25.0000000    
   4.05260944       26.0000000    
   4.05367994       27.0000000    
   4.05474949       28.0000000    
   4.05581808       29.0000000    
   4.05688524       30.0000000    
   4.05804682       31.0000000    
   4.05911207       32.0000000    
   4.06017685       33.0000000    
   4.06124067       34.0000000    
   4.06239843       35.0000000    
   4.06345987       36.0000000    
   4.06452084       37.0000000    
   4.06558084       38.0000000    
   4.06673527       39.0000000    
   4.06779289       40.0000000    
   4.06885004       41.0000000    
   4.07000160       42.0000000    
   4.07105684       43.0000000    
   4.07211113       44.0000000    
   4.07325983       45.0000000    
   4.07431269       46.0000000    
   4.07546043       47.0000000    
   4.07651091       48.0000000    
   4.07765627       49.0000000    
   4.07880163       50.0000000    
   4.07984924       51.0000000    
   4.08099270       52.0000000    
   4.08213520       53.0000000    
   4.08327675       54.0000000    
   4.08441782       55.0000000    
   4.08555746       56.0000000    
   4.08669710       57.0000000    
   4.08793259       58.0000000    
   4.08907032       59.0000000    
   4.09030437       60.0000000    
   4.09144020       61.0000000    
   4.09267282       62.0000000    
   4.09390450       63.0000000    
   4.09513521       64.0000000    
   4.09636545       65.0000000    
   4.09769249       66.0000000    
   4.09892130       67.0000000    
   4.10024643       68.0000000    
   4.10166836       69.0000000    
   4.10299253       70.0000000    
   4.10441351       71.0000000    
   4.10573673       72.0000000    
   4.10725355       73.0000000    
   4.10886717       74.0000000    
   4.11077118       75.0000000    
   4.11286926       76.0000000    
   4.11506319       77.0000000    
   4.11735249       78.0000000    
   4.11963987       79.0000000    
   4.12192583       80.0000000    
   4.12430716       81.0000000    
   4.12668610       82.0000000    
   4.12896729       83.0000000    
   4.13134336       84.0000000    
   4.13371658       85.0000000    
   4.13608885       86.0000000    
   4.13845921       87.0000000    
   4.14082766       88.0000000    
   4.14319372       89.0000000    
   4.14555836       90.0000000    
   4.14792156       91.0000000    
   4.15028238       92.0000000    
   4.15264177       93.0000000    
   4.15499926       94.0000000    
   4.15832090       95.0000000    
   4.16349745       96.0000000    
   4.16860819       97.0000000    
   4.17365646       98.0000000    
   4.17863894       99.0000000    
   4.18355799       100.000000    
   4.18841219       101.000000    
   4.19320154       102.000000    
   4.19792747       103.000000    
   4.20258904       104.000000    
   4.20718670       105.000000    
   4.21172047       106.000000    
   4.21619129       107.000000    
   4.22059965       108.000000    
   4.22494411       109.000000    
   4.22922754       110.000000    
   4.23344803       111.000000    
   4.23760843       112.000000    
   4.24170685       113.000000    
   4.24574566       114.000000    
   4.24972391       115.000000    
   4.25364351       116.000000    
   4.25750399       117.000000    
   4.26130772       118.000000    
   4.26505327       119.000000    
   4.26874304       120.000000    
   4.27237654       121.000000    
   4.27595568       122.000000    
   4.27947950       123.000000    
   4.28295135       124.000000    
   4.28637075       125.000000    
   4.28973770       126.000000    
   4.29305506       127.000000    
   4.29632235       128.000000    
   4.29954052       129.000000    
   4.30271149       130.000000    
   4.30583477       131.000000    
   4.30891323       132.000000    
   4.31194592       133.000000    
   4.31508684       134.000000    
   4.31824303       135.000000    
   4.32133389       136.000000    
   4.32436228       137.000000    
   4.32733011       138.000000    
   4.33024025       139.000000    
   4.33309507       140.000000    
   4.33589745       141.000000    
   4.33864880       142.000000    
   4.34135199       143.000000    
   4.34400892       144.000000    
   4.34662247       145.000000    
   4.34919310       146.000000    
   4.35172415       147.000000    
   4.35421705       148.000000    
   4.35667419       149.000000    
   4.35909653       150.000000    
