   4.58775663       0.00000000    
   4.54867125       1.00000000    
   4.51022005       2.00000000    
   4.47258043       3.00000000    
   4.43591356       4.00000000    
   4.40061378       5.00000000    
   4.36727190       6.00000000    
   4.33631134       7.00000000    
   4.30831480       8.00000000    
   4.28297234       9.00000000    
   4.26028109       10.0000000    
   4.24028349       11.0000000    
   4.22282076       12.0000000    
   4.20766640       13.0000000    
   4.19085407       14.0000000    
   4.16539001       15.0000000    
   4.13178062       16.0000000    
   4.11615276       17.0000000    
   4.10255432       18.0000000    
   4.09100437       19.0000000    
   4.08141708       20.0000000    
   4.07388973       21.0000000    
   4.06810570       22.0000000    
   4.06378365       23.0000000    
   4.06051254       24.0000000    
   4.05832386       25.0000000    
   4.05695772       26.0000000    
   4.05633211       27.0000000    
   4.05626774       28.0000000    
   4.05657816       29.0000000    
   4.05717087       30.0000000    
   4.05795193       31.0000000    
   4.05892181       32.0000000    
   4.05989075       33.0000000    
   4.06085873       34.0000000    
   4.06192112       35.0000000    
   4.06307793       36.0000000    
   4.06413841       37.0000000    
   4.06529331       38.0000000    
   4.06635237       39.0000000    
   4.06740999       40.0000000    
   4.06856203       41.0000000    
   4.06961775       42.0000000    
   4.07076883       43.0000000    
   4.07182264       44.0000000    
   4.07297134       45.0000000    
   4.07402372       46.0000000    
   4.07517099       47.0000000    
   4.07622099       48.0000000    
   4.07736731       49.0000000    
   4.07841539       50.0000000    
   4.07955980       51.0000000    
   4.08070278       52.0000000    
   4.08184528       53.0000000    
   4.08289003       54.0000000    
   4.08403111       55.0000000    
   4.08517075       56.0000000    
   4.08640671       57.0000000    
   4.08754539       58.0000000    
   4.08868265       59.0000000    
   4.08991575       60.0000000    
   4.09105206       61.0000000    
   4.09228468       62.0000000    
   4.09351587       63.0000000    
   4.09474659       64.0000000    
   4.09607363       65.0000000    
   4.09740114       66.0000000    
   4.09872675       67.0000000    
   4.10005236       68.0000000    
   4.10147429       69.0000000    
   4.10289574       70.0000000    
   4.10431623       71.0000000    
   4.10573673       72.0000000    
   4.10725355       73.0000000    
   4.10896397       74.0000000    
   4.11086845       75.0000000    
   4.11296654       76.0000000    
   4.11515999       77.0000000    
   4.11735249       78.0000000    
   4.11963987       79.0000000    
              NaN   80.0000000    
              NaN   81.0000000    
   4.12668610       82.0000000    
   4.12906361       83.0000000    
   4.13134336       84.0000000    
   4.13371658       85.0000000    
   4.13608885       86.0000000    
   4.13845921       87.0000000    
   4.14082766       88.0000000    
   4.14319372       89.0000000    
   4.14555836       90.0000000    
   4.14792156       91.0000000    
   4.15028238       92.0000000    
   4.15264177       93.0000000    
   4.15499926       94.0000000    
   4.15832090       95.0000000    
   4.16349745       96.0000000    
   4.16860819       97.0000000    
   4.17365646       98.0000000    
   4.17863894       99.0000000    
   4.18355799       100.000000    
   4.18841219       101.000000    
   4.19320154       102.000000    
   4.19792747       103.000000    
   4.20258904       104.000000    
   4.20718670       105.000000    
   4.21172047       106.000000    
   4.21619129       107.000000    
   4.22059965       108.000000    
   4.22494411       109.000000    
   4.22922754       110.000000    
   4.23344803       111.000000    
   4.23760843       112.000000    
   4.24170685       113.000000    
   4.24574566       114.000000    
   4.24972391       115.000000    
   4.25364351       116.000000    
   4.25750399       117.000000    
   4.26130772       118.000000    
   4.26505327       119.000000    
   4.26874304       120.000000    
   4.27237654       121.000000    
   4.27595568       122.000000    
   4.27947950       123.000000    
   4.28295135       124.000000    
   4.28637075       125.000000    
   4.28973770       126.000000    
   4.29305506       127.000000    
   4.29632235       128.000000    
   4.29954052       129.000000    
   4.30271149       130.000000    
   4.30583477       131.000000    
   4.30891323       132.000000    
   4.31194592       133.000000    
   4.31508684       134.000000    
   4.31824303       135.000000    
   4.32133389       136.000000    
   4.32436228       137.000000    
   4.32733011       138.000000    
   4.33024025       139.000000    
   4.33309507       140.000000    
   4.33589745       141.000000    
   4.33864880       142.000000    
   4.34135199       143.000000    
   4.34400892       144.000000    
   4.34662247       145.000000    
   4.34919310       146.000000    
   4.35172415       147.000000    
   4.35421705       148.000000    
   4.35667419       149.000000    
   4.35909653       150.000000    
